Counter_x	Image	class label	Myr	Viewpoint	# Bulges	Sep	Flux Ratio	Gini	M20	Concentration (C)	Asymmetry (A)	Clumpiness (S)	Sersic N	Shape Asymmetry (A_S)	Counter_y	$\Delta$PA	v_asym	s_asym	resids	\lambdare	$\epsilon$	A	$A_2$	deltapos	deltapos2	nspax	re	$\mu_V$	$\sigma_{V}$	skewvel	$h_{4,V}$	$\mu_{\sigma}$	$\sigma_{\sigma}$	skewsig	$h_{4,\sigma}$	$|h_{3,V}|$	$|h_{3,\sigma}|$	random
0	fg1_m13_iso0.333_rotated	0	0.05	0	1	0.0	0.0	0.5050262539603897	-1.7657472377111283	2.740964416556146	-0.09075495243084572	-0.014989586784136009	0.8586	0.13857402444624756	0	42.84	0.08	0.08	13.02	0.74	0.3	4.99	15.53	1.09	0.48	764	11.77	0.03	51.53	-0.05	-1.18	32.79	13.0	-0.01	0.44	0.05	0.01	1.91
1	fg1_m13_iso0.333_rotated	0	0.1	0	1	0.0	0.0	0.5233335225664254	-1.7572163534187415	2.6938759801167667	-0.08541669674550728	-0.02101850504929572	0.8436	0.12467643320925237	7	2.31	0.03	0.06	7.66	0.74	0.31	5.65	20.3	1.09	0.48	764	11.81	4.41	52.88	0.01	-1.15	35.04	13.41	-0.33	-0.03	0.01	0.33	-0.32
2	fg1_m13_iso0.333_rotated	0	0.29	0	1	0.0	0.0	0.5271376560487386	-1.8025208358026183	2.8015155156503684	-0.03155531538639899	0.0057032980785289115	0.8899	0.1259615411762908	14	0.17	0.05	0.09	8.74	0.69	0.3	10.67	21.7	0.68	0.48	368	11.26	8.1	44.44	-0.18	-1.01	41.3	11.46	0.25	0.79	0.18	0.25	0.25
3	fg1_m13_iso0.333_rotated	0	0.49	0	1	0.0	0.0	0.4793917039110901	-1.7268308602927818	2.7510327229552773	-0.060682555582458775	-0.005553650617458463	0.8846	0.13099333879171488	21	3.56	0.04	0.08	7.97	0.71	0.33	8.0	21.06	0.68	0.64	754	11.43	1.29	52.64	-0.11	-1.11	37.37	9.54	0.23	1.14	0.11	0.23	-0.39
4	fg1_m13_iso0.333_rotated	0	0.98	0	1	0.0	0.0	0.529991034943613	-1.7280590387097379	2.7921589035357623	-0.00017000013100530124	-0.02235728700669016	1.0972	0.17770862294414125	28	39.9	0.1	0.07	27.04	0.8	0.81	24.62	49.36	0.0	0.77	830	80.93	5.66	58.12	-0.04	-1.38	39.49	8.64	-0.06	1.48	0.04	0.06	-0.5
5	fg1_m13_iso0.333_rotated	0	1.96	0	1	0.0	0.0	0.5721763898099647	-2.1161378608415244	3.546454651989396	-0.042442697107304576	-0.22372968848652666	1.8935	0.16262370205621862	35	3.61	0.08	0.05	11.64	0.65	0.32	13.7	18.0	0.0	0.77	544	25.62	14.87	46.26	0.04	-1.28	53.44	10.07	0.69	-0.29	0.04	0.69	-0.07
6	fg1_m13_iso0.333_rotated	0	0.05	1	1	0.0	0.0	0.4988063029323528	-1.7333725563110718	2.803583688796333	-0.05419315920528535	0.00440079492247767	0.8219	0.08354916049507048	1	1.99	0.02	0.07	7.89	0.8	0.53	1.93	6.37	0.68	0.48	710	12.72	0.47	61.68	-0.04	-1.07	31.3	17.17	-0.34	-0.68	0.04	0.34	0.65
7	fg1_m13_iso0.333_rotated	0	0.1	1	1	0.0	0.0	0.5084994447432979	-1.7251916069639526	2.7363375251461464	-0.06284970550236381	-0.008963895016127375	0.8055	0.09203724608771124	8	8.55	0.03	0.06	10.87	0.79	0.55	3.04	9.48	0.68	0.48	678	12.23	1.04	64.85	-0.03	-1.14	35.73	12.13	-0.38	0.43	0.03	0.38	0.28
8	fg1_m13_iso0.333_rotated	0	0.29	1	1	0.0	0.0	0.5204857036439283	-1.7585179401590023	2.828323258298552	-0.041350613511943024	-0.010899565661384765	0.8335	0.09195932292815194	15	1.98	0.05	0.05	9.09	0.78	0.54	3.5	11.91	0.68	0.48	663	12.05	6.22	64.17	-0.11	-1.14	36.44	13.88	-0.49	0.37	0.11	0.49	0.21
9	fg1_m13_iso0.333_rotated	0	0.49	1	1	0.0	0.0	0.5040771568311491	-1.7311131830998754	2.825093830707534	-0.06256597885012012	-0.002978122861748408	0.8455	0.09558601312976002	22	3.06	0.04	0.08	8.67	0.75	0.56	6.57	19.47	0.68	0.48	638	11.75	5.89	65.0	-0.18	-1.18	39.07	9.99	0.11	-0.05	0.18	0.11	-0.5
10	fg1_m13_iso0.333_rotated	0	0.98	1	1	0.0	0.0	0.5265137976080547	-1.6871208795832109	2.894254667638662	-0.016574726766016273	-0.003187539983420466	0.9837	0.15954605483294435	29	3.96	0.04	0.06	7.48	0.8	0.5	2.62	5.7	0.68	0.77	677	16.0	3.21	72.45	-0.2	-1.33	42.28	8.75	-0.05	1.3	0.2	0.05	1.37
11	fg1_m13_iso0.333_rotated	0	1.96	1	1	0.0	0.0	0.5381275178853451	-2.0382950424511863	3.570801139198764	-0.09813096173803676	-0.006651704963923225	1.7832	0.16808039420452295	36	2.63	0.04	0.06	10.18	0.76	0.53	2.98	5.94	1.55	0.48	580	32.37	7.53	68.47	0.0	-1.43	53.52	12.18	0.85	1.74	0.0	0.85	1.37
12	fg1_m13_iso0.333_rotated	0	0.05	2	1	0.0	0.0	0.509156165546161	-1.7198405959766072	2.7678982090640214	-0.06775743694823251	0.004991368618157512	0.8083	0.10822541391170848	2	3.37	0.02	0.05	4.92	0.8	0.53	3.67	11.37	0.68	0.77	703	12.63	4.01	61.85	0.01	-1.15	33.72	13.71	-0.47	0.09	0.01	0.47	-0.47
13	fg1_m13_iso0.333_rotated	0	0.1	2	1	0.0	0.0	0.5020467620859366	-1.7515876617564283	2.7373879569060344	-0.05206947666871177	-0.0013692726107974622	0.8082	0.08264438831065048	9	1.15	0.02	0.06	8.65	0.78	0.52	3.07	9.74	0.68	0.48	688	12.18	0.39	64.72	-0.04	-1.14	36.79	12.7	-0.22	0.5	0.04	0.22	0.35
14	fg1_m13_iso0.333_rotated	0	0.29	2	1	0.0	0.0	0.5242397928303423	-1.7569932505680983	2.85020879890542	-0.06166080784270461	0.0004341619609917712	0.8390000000000001	0.10333443865008504	16	14.4	0.04	0.08	8.58	0.78	0.53	2.34	5.7	0.61	0.77	646	12.11	5.19	64.39	-0.11	-1.19	37.22	11.19	-0.34	0.39	0.11	0.34	-1.68
15	fg1_m13_iso0.333_rotated	0	0.49	2	1	0.0	0.0	0.4956358504335185	-1.7069095805835688	2.7517269855704507	-0.06121492407438705	-0.0077611777434722405	0.8366	0.10629388468182492	23	1.12	0.03	0.05	8.62	0.87	0.48	2.47	10.75	0.3	0.48	924	27.63	3.15	80.88	-0.07	-1.43	39.22	8.37	0.33	1.32	0.07	0.33	1.39
16	fg1_m13_iso0.333_rotated	0	0.98	2	1	0.0	0.0	0.5261471242608888	-1.7786032162342131	2.8817207429847675	-0.020523239053153536	-0.013884929976875172	0.9853	0.1720018827393212	30	3.94	0.03	0.05	8.45	0.84	0.49	16.89	25.13	0.96	0.48	719	17.47	5.72	75.75	0.0	-1.43	42.27	7.7	0.63	0.71	0.0	0.63	-1.05
17	fg1_m13_iso0.333_rotated	0	1.96	2	1	0.0	0.0	0.5523554292584604	-1.838192763923207	3.1604478839655377	-0.07302017192010707	0.01666663178752649	1.6029	0.20254457644686244	37	25.27	0.03	0.06	5.81	0.81	0.7	2.01	3.6	0.43	0.77	598	52.99	10.54	71.3	0.02	-1.31	48.12	8.05	0.58	0.34	0.02	0.58	-2.11
18	fg1_m13_iso0.333_rotated	0	0.05	3	1	0.0	0.0	0.5000602008911184	-1.7125429264319192	2.770855272799837	-0.06329478627664845	0.0058830024771420785	0.8161	0.06353856321372074	3	4.28	0.02	0.05	8.29	0.8	0.55	1.25	3.57	0.96	0.48	699	12.57	3.62	62.78	0.02	-1.08	32.15	14.7	-0.16	-0.45	0.02	0.16	-2.06
19	fg1_m13_iso0.333_rotated	0	0.1	3	1	0.0	0.0	0.5318752748729982	-1.734172233634964	2.7582571721926428	-0.06258130878689637	-0.010594486822009957	0.7959999999999999	0.12881695124035378	10	3.27	0.05	0.06	9.55	0.79	0.53	13.59	21.85	1.09	0.48	668	11.94	1.06	65.26	-0.02	-1.16	35.54	13.37	-0.47	0.56	0.02	0.47	-0.94
20	fg1_m13_iso0.333_rotated	0	0.29	3	1	0.0	0.0	0.5296669785811636	-1.7276107539342005	2.774437181969281	-0.043044526679198725	-0.001702824188612281	0.8354	0.10058536022108007	17	0.14	0.02	0.05	8.05	0.77	0.51	3.92	12.15	0.96	0.48	649	11.64	14.81	65.1	0.11	-1.17	39.01	10.72	-0.43	0.93	0.11	0.43	0.46
21	fg1_m13_iso0.333_rotated	0	0.49	3	1	0.0	0.0	0.4876831791551138	-1.7391577863073353	2.8311010072967084	-0.05790907577177003	-0.0064599130740071245	0.8279	0.11604401631472028	24	89.35	0.66	0.08	15.51	0.88	0.51	2.8	9.72	0.3	0.77	924	25.86	6.02	82.67	-0.01	-1.46	37.3	9.81	0.39	0.87	0.01	0.39	-0.55
22	fg1_m13_iso0.333_rotated	0	0.98	3	1	0.0	0.0	0.5293823712032674	-1.832481913126002	2.991634492117929	-0.007423860587200483	0.004557547203348863	1.0231	0.12480548224238955	31	8.28	0.05	0.08	13.21	0.86	0.53	3.35	11.73	0.96	0.48	762	29.83	4.78	80.93	-0.08	-1.48	43.68	8.37	0.89	0.59	0.08	0.89	-0.74
23	fg1_m13_iso0.333_rotated	0	1.96	3	1	0.0	0.0	0.5341289204049476	-1.9301270150476948	3.315638424148866	-0.07126469367477227	0.004165493351543537	1.686	0.08620560590690786	38	45.9	0.04	0.08	9.06	0.82	0.64	2.43	5.62	1.25	0.48	604	45.11	2.67	78.48	-0.07	-1.42	50.17	11.93	1.07	0.42	0.07	1.07	-1.33
24	fg1_m13_iso0.333_rotated	0	0.05	4	1	0.0	0.0	0.532820409473189	-1.7886000937164723	2.6742828609967093	-0.11420044749925287	-0.14642096532021975	0.8638	0.05859218968090405	4	64.78	0.1	0.07	4.71	0.32	0.03	37.4	22.94	0.96	0.77	368	10.62	0.81	12.99	-0.03	-0.89	34.35	13.25	-0.67	0.91	0.03	0.67	-2.27
25	fg1_m13_iso0.333_rotated	0	0.1	4	1	0.0	0.0	0.5186944663728242	-1.7670537074671662	2.6234634060105733	-0.05293918815258582	-0.06972271737389106	0.8718	0.11005127545738842	11	64.0	0.15	0.08	5.34	0.3	0.03	28.51	26.07	0.68	0.48	368	10.94	2.09	12.46	0.04	-0.92	37.08	12.98	-0.56	0.62	0.04	0.56	-0.64
26	fg1_m13_iso0.333_rotated	0	0.29	4	1	0.0	0.0	0.521990236921103	-1.7721326780025546	2.7080923915803883	-0.07009266777370762	-0.07979521821420164	0.8912	0.13222008022759138	18	21.65	0.08	0.07	3.4	0.43	0.91	11.55	31.19	0.68	0.64	1028	73.64	4.28	14.96	0.02	-1.28	31.77	8.73	0.98	2.74	0.02	0.98	1.3
27	fg1_m13_iso0.333_rotated	0	0.49	4	1	0.0	0.0	0.5077758300787484	-1.7384138552155954	2.6534243555214854	-0.04349438862693777	-0.09630983334985674	0.9124	0.16589186680529908	25	2.24	0.08	0.09	3.21	0.34	0.05	9.99	20.31	1.09	0.48	762	11.43	5.18	13.88	-0.1	-1.21	32.77	8.68	0.25	2.69	0.1	0.25	1.24
28	fg1_m13_iso0.333_rotated	0	0.98	4	1	0.0	0.0	0.5041020711214718	-1.7314173077286408	2.731416545018852	0.046235199591272313	-0.1362792877934175	1.2359	0.3101471327328947	32	60.15	0.18	0.08	4.55	0.38	0.24	17.09	31.41	0.61	0.48	870	24.59	6.55	12.89	-0.11	-1.29	34.26	6.82	0.84	3.03	0.11	0.84	0.13
29	fg1_m13_iso0.333_rotated	0	0.05	5	1	0.0	0.0	0.5150328347938828	-1.7725309020439597	2.655615308470133	-0.11067425923360688	-0.10708087923455964	0.8491	0.0838267069370649	5	70.36	0.37	0.09	3.9	0.32	0.03	48.54	28.22	0.96	0.77	368	10.83	6.67	11.88	0.1	-0.79	35.46	14.1	-0.5	0.13	0.1	0.5	-0.46
30	fg1_m13_iso0.333_rotated	0	0.1	5	1	0.0	0.0	0.5158169989866133	-1.7579611531108714	2.636365502169311	-0.1117687973417219	-0.09201006050453496	0.8782	0.08480529040038541	12	79.93	0.09	0.07	4.5	0.31	-0.06	33.53	46.1	0.86	0.64	764	11.4	2.86	14.61	-0.14	-1.15	33.68	9.39	-0.15	2.23	0.14	0.15	-0.1
31	fg1_m13_iso0.333_rotated	0	0.29	5	1	0.0	0.0	0.5289226025571552	-1.7785491292068658	2.6848237924613545	-0.06043282749059147	-0.1506823107120326	0.8851	0.109225663829877	19	61.15	0.15	0.09	4.9	0.31	-0.1	21.53	18.97	0.96	0.48	368	10.68	5.9	11.26	-0.02	-0.94	36.05	9.7	-0.22	0.55	0.02	0.22	0.04
32	fg1_m13_iso0.333_rotated	0	0.49	5	1	0.0	0.0	0.4974593188814426	-1.7434666253931304	2.660343044244597	-0.037141846184980905	-0.08303968025691333	0.9265	0.14564072281700802	26	55.84	0.15	0.07	5.2	0.31	-0.02	27.64	35.17	0.86	0.21	758	11.48	2.74	13.84	-0.03	-1.26	34.25	7.42	-0.13	2.08	0.03	0.13	-0.77
33	fg1_m13_iso0.333_rotated	0	0.98	5	1	0.0	0.0	0.5292693740325074	-1.7801560342309954	2.7707310666082186	-0.07018594461652225	-0.2119573817318916	1.2271	0.2134249813286172	33	70.19	0.1	0.06	3.22	0.37	0.71	21.43	33.72	1.09	0.88	881	60.78	4.62	13.32	-0.15	-1.25	34.83	7.02	0.25	2.2	0.15	0.25	1.69
34	fg1_m13_iso0.333_rotated	0	0.05	6	1	0.0	0.0	0.5374751181016204	-1.7928833612257555	2.669417286842889	-0.09563747569610083	-0.04551637016413634	0.8625	0.08969016135385313	6	23.61	0.38	0.05	6.08	0.34	0.04	22.46	24.08	0.86	0.48	368	10.95	3.1	12.92	-0.14	-0.9	33.67	12.17	-0.18	0.03	0.14	0.18	-2.05
35	fg1_m13_iso0.333_rotated	0	0.1	6	1	0.0	0.0	0.5341331608740469	-1.777681966467326	2.6408838951203712	-0.07834893761964838	-0.11065136185075862	0.8849	0.07716469155150732	13	65.07	0.09	0.09	4.56	0.32	-0.03	48.95	35.0	0.86	0.48	368	10.91	2.01	13.16	-0.07	-0.95	36.03	12.91	-0.34	0.33	0.07	0.34	0.63
36	fg1_m13_iso0.333_rotated	0	0.29	6	1	0.0	0.0	0.5410742683904725	-1.8065933854872631	2.7378315565280165	-0.05074651850986677	-0.11366852349263998	0.9014	0.15744697748229658	20	56.29	0.12	0.07	4.02	0.41	0.94	12.82	47.22	1.55	0.64	1034	244.54	3.73	14.94	-0.08	-1.36	31.95	9.47	-0.04	1.02	0.08	0.04	-0.52
37	fg1_m13_iso0.333_rotated	0	0.49	6	1	0.0	0.0	0.4904039367262452	-1.7406537528794859	2.6873747375548263	-0.08193113156692297	-0.05813661808785354	0.9138	0.1802295622702389	27	22.5	0.14	0.05	3.66	0.33	0.03	12.15	12.44	0.86	0.77	368	11.17	6.05	12.74	0.05	-1.13	36.67	9.49	-0.65	1.61	0.05	0.65	-0.65
38	fg1_m13_iso0.333_rotated	0	0.98	6	1	0.0	0.0	0.5284966729887949	-1.7695284220991057	2.7612026077016862	0.025649211568792626	-0.10093419516829114	1.2498	0.2955091258392248	34	39.95	0.12	0.1	5.66	0.35	0.03	16.05	15.28	1.09	0.48	689	12.62	6.31	13.9	-0.0	-1.36	35.45	6.67	0.2	2.51	0.0	0.2	-1.37
0	fg1_m13	0	0.1	0	1	0.0	0.0	0.5323876102770781	-1.7962252626364743	2.68825117083202	-0.07094610104451196	-0.043637116066400465	0.8986	0.07856363117194233	0	5.81	0.03	0.05	6.33	0.56	0.1	2.41	7.93	0.86	0.48	764	14.5	3.88	49.67	0.0	-1.22	59.99	12.96	-0.1	-0.17	0.0	0.1	0.86
1	fg1_m13	1	0.39	0	2	14.039329618393095	3.1625689301176583	0.5436717566745909	-1.0488131671966323	3.545695895790635	0.14074832662692532	-0.2786531049705156	0.8944	0.5240678795974456	7	4.0	0.02	0.05	5.46	0.56	0.26	1.19	4.09	0.68	0.48	1256	15.14	4.08	53.51	0.01	-1.25	56.92	13.78	0.08	0.43	0.01	0.08	0.13
2	fg1_m13	1	0.49	0	1	0.0	0.0	0.5191748924785805	-1.6104021042247119	3.1974015518183805	0.08505613352994884	0.0236706465107782	0.5765	0.42115149020745546	14	55.6	0.13	0.07	29.26	0.64	0.47	1.65	2.66	2.21	0.77	1426	18.26	4.1	69.37	0.05	-1.43	59.83	15.15	0.39	-0.31	0.05	0.39	-0.73
3	fg1_m13	1	0.59	0	1	0.0	0.0	0.6242971686860074	-1.8159136102631392	3.9762019459855296	0.06960083212358455	-0.023809661780530258	0.8747	0.4708975780616384	21	87.09	0.23	0.12	13.82	0.52	0.36	36.06	60.71	0.86	0.77	1160	18.87	10.3	47.6	-0.24	-1.24	64.25	19.54	0.55	-0.39	0.24	0.55	0.59
4	fg1_m13	1	0.68	0	1	0.0	0.0	0.5929857154061304	-2.0713823847819905	3.8097663512047273	0.10810926672864224	0.007766760908134947	1.7142	0.35586265337074624	28	43.09	0.06	0.05	9.03	0.5	0.19	25.02	23.98	0.96	0.48	744	13.31	8.82	49.19	0.15	-1.0	73.35	14.61	-0.33	0.12	0.15	0.33	0.01
5	fg1_m13	1	0.88	0	1	0.0	0.0	0.5696348368237731	-2.4164779499427707	4.958463253079085	0.016900551430063925	-0.010261557269323323	3.5024	0.17325184686757664	34	30.01	0.05	0.06	5.14	0.21	0.38	25.44	17.49	0.96	0.48	368	7.4	1.08	30.15	-0.05	-1.11	87.23	18.78	0.83	0.2	0.05	0.83	-0.51
6	fg1_m13	1	1.17	0	1	0.0	0.0	0.5891099171595356	-2.631227749549003	4.975397219394365	0.048521526952831504	-0.012446529669104705	3.1627	0.1182319019345664	41	53.8	0.05	0.05	6.97	0.22	0.23	6.41	5.98	0.68	0.48	368	6.89	0.96	37.65	-0.05	-1.01	94.67	17.93	0.45	-0.45	0.05	0.45	-0.76
7	fg1_m13	1	1.27	0	1	0.0	0.0	0.6050392729394085	-2.477019426355375	4.8770989273839085	0.02385302469411061	-0.002880243330360684	3.6845	0.2355733474471339	46	44.39	0.05	0.05	7.67	0.28	0.25	12.49	15.86	0.68	0.48	368	8.13	1.97	38.7	-0.11	-1.16	95.87	17.75	0.79	-0.15	0.11	0.79	-1.37
8	fg1_m13	1	1.37	0	1	0.0	0.0	0.6077285061751592	-2.5880660286563137	5.386319060734777	-0.04363291473695267	-0.0811461980345907	3.2949	0.17907211004678486	52	42.12	0.07	0.06	5.52	0.2	0.54	4.48	3.74	1.09	0.48	368	6.61	5.04	31.22	0.18	-1.06	95.1	17.87	0.61	-0.48	0.18	0.61	1.11
9	fg1_m13	1	1.42	0	1	0.0	0.0	0.60439351683428	-2.5381827014945357	5.3398940192536415	-0.01462632947840759	-0.0856300738088464	3.4604	0.4367130518947973	57	41.13	0.04	0.06	7.02	0.24	0.47	18.27	26.88	0.86	0.48	368	7.63	2.53	33.83	-0.05	-1.06	94.76	18.79	0.65	-0.44	0.05	0.65	-1.18
11	fg1_m13	1	1.52	0	1	0.0	0.0	0.6055766879033542	-2.6275744408011623	5.098274683105848	0.005196072839236877	-0.002406459251285114	3.3076	0.29545144687937336	66	45.66	0.04	0.04	6.62	0.25	0.3	5.69	8.2	1.09	0.48	368	7.03	13.85	36.51	0.07	-1.03	95.16	15.42	0.48	-0.81	0.07	0.48	-0.02
13	fg1_m13	1	1.71	0	1	0.0	0.0	0.5746368503791706	-2.5311678547653633	4.847666724395934	0.011682007470987974	-0.009674261156818995	3.2986	0.1306620354642564	79	0.52	0.05	0.03	5.87	0.25	0.35	6.48	7.45	1.09	0.48	368	7.8	6.52	35.33	0.04	-1.11	97.16	16.2	0.78	-0.39	0.04	0.78	-0.88
14	fg1_m13	1	1.76	0	1	0.0	0.0	0.6092313762044611	-2.600944036477582	5.000250019348206	-0.016244087538551145	-0.03122730456527005	3.3494	0.2727355727956841	86	22.6	0.05	0.02	4.96	0.2	0.21	7.84	6.43	0.68	0.77	368	5.8	8.33	36.17	-0.14	-1.12	96.85	17.44	0.62	-0.54	0.14	0.62	-0.47
15	fg1_m13	1	1.81	0	1	0.0	0.0	0.6246866042497907	-2.4834665178659314	4.889953206676808	0.0028485934354413093	-0.1589343847516992	3.3909	0.22413290292868107	91	27.29	0.04	0.05	6.93	0.2	-0.15	20.35	15.47	0.68	0.48	368	5.62	9.9	40.3	-0.01	-1.1	100.4	16.85	0.82	-0.44	0.01	0.82	2.72
16	fg1_m13	1	1.86	0	1	0.0	0.0	0.5646054025911054	-2.47135298171024	4.697673927586743	-0.008002227731886745	-0.027194244836482917	3.6751	0.10840056104808557	98	46.42	0.04	0.04	7.32	0.24	0.34	11.59	12.11	0.68	0.48	368	6.93	7.49	37.41	0.03	-1.26	98.19	18.19	0.65	-0.39	0.03	0.65	-1.89
17	fg1_m13	1	1.91	0	1	0.0	0.0	0.5510244514636792	-2.5298228796504985	4.582024058671872	-0.017987677928555202	-0.004088179717250112	3.3323	0.07450394672677839	102	1.54	0.04	0.02	4.33	0.27	0.33	4.86	7.77	0.68	0.77	368	8.43	5.29	34.19	-0.06	-1.34	96.48	17.45	0.85	-0.11	0.06	0.85	0.89
20	fg1_m13	1	2.05	0	2	10.59195060890058	4.159489190410388	0.5941562231301782	-0.7896161808973586	2.4928610551908665	0.523035725415811	-0.013475148403213049	3.4245	0.6363994032593472	116	17.66	0.05	0.03	6.68	0.28	0.25	6.47	13.34	0.86	0.48	368	8.71	1.19	35.07	-0.04	-1.24	98.77	16.12	0.91	-0.05	0.04	0.91	0.13
21	fg1_m13	1	2.1	0	2	6.187210228209135	3.848752641685541	0.6155803374960388	-1.0966348319760308	4.282890824452315	0.2587648696640385	0.03557357303467331	2.9414	0.6251629710049019	123	19.71	0.07	0.04	7.93	0.26	0.38	21.7	24.61	1.09	0.77	368	8.05	18.26	46.77	0.32	-0.7	121.32	16.36	0.28	-0.68	0.32	0.28	-0.83
22	fg1_m13	1	2.15	0	2	16.10854461420332	7.402867904919357	0.5724055450502074	-2.602101380136179	4.520315535342307	0.03858285401527648	-0.06931314574024999	3.6298	0.1697070263462276	130	36.69	0.07	0.03	6.12	0.26	-0.38	10.2	11.18	0.96	0.77	368	9.11	4.5	38.87	0.15	-0.87	113.6	14.57	0.07	-0.71	0.15	0.07	0.43
23	fg1_m13	1	2.2	0	1	0.0	0.0	0.613792589845662	-2.3502074407419773	4.874810389103334	-0.010299609482219495	-0.2351292673755797	2.9239	0.6701411296439318	137	74.91	0.06	0.03	9.14	0.22	0.28	26.77	24.62	0.86	0.48	368	6.31	5.53	40.42	0.04	-1.23	118.58	14.04	0.11	-0.58	0.04	0.11	-0.2
24	fg1_m13	1	2.25	0	1	0.0	0.0	0.5754788459901055	-2.4022354133004917	4.317551582168038	0.0008124716040862313	-0.014849726814366438	2.7881	0.174414278934969	144	44.69	0.06	0.02	8.98	0.25	0.23	7.43	11.66	0.86	0.48	368	7.06	7.79	43.39	-0.03	-1.3	119.78	13.95	-0.19	-0.51	0.03	0.19	0.32
25	fg1_m13	1	2.3	0	1	0.0	0.0	0.5837307744798216	-2.4027737130980342	4.5071864046099135	-0.025928386551755604	-0.017440576723362286	2.9195	0.23451251803872705	151	20.82	0.05	0.03	8.04	0.24	0.33	26.54	27.0	0.86	0.48	368	6.29	14.63	37.98	-0.07	-1.32	115.14	15.42	0.32	-0.58	0.07	0.32	0.7
26	fg1_m13	1	2.35	0	1	0.0	0.0	0.5983841758884106	-2.4674758600868745	4.683156398887731	-0.0765189123640247	-0.06592092042590837	2.5860000000000003	0.21298110647859167	158	26.33	0.07	0.05	10.02	0.27	0.28	10.36	13.07	0.86	0.48	368	7.37	13.01	41.81	-0.03	-1.33	116.62	17.34	0.46	-0.36	0.03	0.46	0.55
27	fg1_m13	1	2.4	0	2	16.707899160743	6.06680449680794	0.6093074290851143	-2.5417885272639635	4.650460206891215	-0.10492287034906002	-0.08409846762618416	2.6784	0.2890513329907693	164	6.19	0.06	0.04	9.56	0.27	0.24	11.61	14.27	0.86	0.48	368	7.38	8.99	44.87	-0.16	-1.18	119.64	17.64	0.71	-0.39	0.16	0.71	2.32
28	fg1_m13	1	2.44	0	2	9.634071891469377	5.05824662003114	0.631434513553762	-0.7635375124490226	4.914810302388512	0.17023922421361545	-0.037547833102542186	2.8206	0.4271304169450946	171	0.15	0.05	0.03	9.08	0.3	0.28	8.61	11.93	0.68	0.48	368	8.02	11.7	44.99	-0.11	-1.2	119.53	17.65	0.53	-0.67	0.11	0.53	0.8
29	fg1_m13	1	2.54	0	2	6.736929572327454	14.561294986160538	0.5990050405587612	-1.1746628986789691	3.914987195200652	0.06709868417854938	-0.044482411310852885	2.9462	0.5283844900242011	178	5.21	0.05	0.04	8.24	0.35	0.43	18.12	44.18	0.68	0.77	736	11.43	20.4	49.37	0.04	-1.33	119.2	18.21	0.69	-0.25	0.04	0.69	-1.94
30	fg1_m13	1	2.64	0	2	2.8831719343073883	18.998530044856448	0.565725179581377	-1.4044545869484155	3.788211773349563	0.09137942145020304	0.008414357281845001	2.5752	0.2270772142285497	184	13.82	0.08	0.04	12.2	0.35	0.36	18.26	43.52	0.86	0.48	749	12.02	13.69	54.01	0.01	-1.2	130.26	15.42	0.54	0.13	0.01	0.54	0.08
31	fg1_m13	1	2.74	0	1	0.0	0.0	0.6143453701373742	-2.252398668691896	4.538624252561375	-0.09505781416007172	-0.12208666610916274	2.6969	0.26950769016038983	191	2.88	0.04	0.02	8.53	0.26	0.41	11.75	18.01	0.96	0.48	368	7.52	10.34	41.41	0.04	-1.22	128.82	15.01	0.07	-0.79	0.04	0.07	-2.2
32	fg1_m13	1	2.83	0	1	0.0	0.0	0.6208734537053258	-2.5693936862683726	4.610233740778715	-0.0204012996554	-0.04084316446656264	2.8729	0.1721017148181995	198	0.36	0.05	0.02	9.2	0.25	0.44	18.39	24.63	0.68	0.48	368	7.89	8.52	41.55	-0.03	-1.1	129.47	15.1	0.21	-0.81	0.03	0.21	-0.94
33	fg1_m13	1	2.92	0	1	0.0	0.0	0.6217717370371479	-2.4361441996163307	4.62615384983932	-0.07971592745360097	-0.1933906426295668	2.8982	0.2937701722357398	205	2.14	0.06	0.02	9.48	0.25	0.34	19.35	18.4	0.86	0.48	368	8.24	2.8	41.64	-0.15	-1.05	129.3	14.94	0.22	-1.02	0.15	0.22	-0.88
34	fg1_m13	1	3.02	0	1	0.0	0.0	0.6275856048539746	-2.4913805257071115	4.255937769787593	-0.024532039689013244	-0.06593381592851767	2.805	0.15437011794776598	212	7.48	0.05	0.02	9.59	0.28	0.33	6.27	9.42	1.09	0.48	368	8.92	5.98	44.96	-0.04	-1.15	132.98	15.28	0.31	-0.43	0.04	0.31	1.99
35	fg1_m13	1	3.12	0	1	0.0	0.0	0.6230041071957371	-2.3814889007946567	4.314718579361953	-0.0610018537234536	-0.08565478096926589	2.7453	0.2673042156965472	216	0.72	0.05	0.03	9.18	0.27	0.35	21.95	29.11	0.86	0.48	368	8.21	1.64	45.52	-0.01	-1.09	129.67	17.13	0.04	-0.64	0.01	0.04	0.56
36	fg1_m13	1	3.22	0	1	0.0	0.0	0.6099743905573446	-2.4850918040068977	4.34105403084296	-0.05482615977133335	-0.08575060091202895	2.8386	0.102825428155642	223	16.88	0.05	0.02	8.86	0.26	0.35	3.81	9.18	0.86	0.48	368	7.58	10.51	43.84	-0.01	-1.27	129.29	14.96	0.43	-0.6	0.01	0.43	1.87
37	fg1_m13	0	3.31	0	1	0.0	0.0	0.6137453940821957	-2.4791285396423524	4.431014437109703	-0.09299594153518254	-0.10263497640706062	2.765	0.1242702481342407	230	4.25	0.06	0.03	10.14	0.28	0.41	11.24	14.79	0.86	0.48	368	7.95	3.27	45.3	-0.08	-1.23	128.83	14.58	0.54	-0.51	0.08	0.54	1.93
38	fg1_m13	0	3.41	0	1	0.0	0.0	0.6015291699345493	-2.432130800741326	4.2199447492832185	-0.05521199236454095	-0.049362997518704835	2.6108	0.12246974623730154	236	4.13	0.05	0.02	9.23	0.28	0.4	15.25	18.98	0.68	0.48	368	8.36	4.7	45.49	-0.06	-1.23	132.18	15.11	-0.06	-0.66	0.06	0.06	0.64
39	fg1_m13	0	8.38	0	1	0.0	0.0	0.5764696641070364	-2.3323403362337687	3.8435218825847	-0.07408748910823093	-0.2344983618296076	2.6532	0.09913552817710898	241	60.99	0.04	0.02	7.4	0.38	0.92	2.42	4.31	1.36	0.48	746	219.11	6.09	49.53	0.01	-1.38	117.78	13.01	1.11	0.63	0.01	1.11	-0.4
40	fg1_m13	0	0.1	1	1	0.0	0.0	0.6170801977111057	-1.5577855882299554	3.2717166562041133	0.0393063549118489	0.06851488473180811	0.6165	0.0805965148429517	1	2.76	0.03	0.05	8.99	0.86	0.85	3.14	2.5	0.68	0.48	933	21.42	3.32	115.05	-0.0	-1.45	53.21	13.5	-0.36	0.66	0.0	0.36	-0.74
41	fg1_m13	1	0.39	1	2	13.652487826623833	2.294457406417844	0.6758028469686763	-1.0893857283380273	3.657634890579464	0.22431472270323102	0.041212006552616025	0.6135	0.657450432880722	8	9.98	0.03	0.05	10.71	0.87	0.84	3.58	5.23	1.55	0.48	983	21.52	6.2	119.5	0.03	-1.4	57.91	15.57	-0.69	1.27	0.03	0.69	0.83
42	fg1_m13	1	0.49	1	2	15.20592952038414	3.2679845901980915	0.5090028804949716	-1.1988744899586965	2.531378183334913	0.12737734172010326	0.040576478394991976	0.4734	0.5297995769041625	15	29.36	0.04	0.08	12.95	0.75	0.65	4.98	5.62	0.43	0.77	740	15.63	4.11	103.0	-0.13	-1.13	67.08	18.45	-0.28	-0.49	0.13	0.28	0.17
43	fg1_m13	1	0.59	1	2	9.211515834917984	7.827805030192289	0.6466390876394899	-1.997926190291012	4.281648237181623	0.11565093538560785	0.10195255704789814	1.0693	0.3805759518319222	22	5.82	0.05	0.07	14.94	0.68	0.82	14.01	15.64	1.09	0.48	800	19.03	23.01	98.93	0.04	-1.43	87.99	22.45	0.44	-0.31	0.04	0.44	-0.48
44	fg1_m13	1	0.68	1	1	0.0	0.0	0.6462665745390598	-1.6827755516405165	2.9818058356538213	0.14208818505113646	0.040645625320043725	1.0628	0.8813506490192234	29	0.7	0.05	0.03	8.45	0.64	0.79	7.64	15.88	0.86	0.48	538	14.64	23.41	76.01	-0.02	-1.21	86.02	11.09	-0.05	-0.4	0.02	0.05	0.16
45	fg1_m13	1	0.88	1	1	0.0	0.0	0.6312174090908139	-2.205713223047547	3.978949191987506	0.07969817406578844	0.011152258383889849	2.0027	0.3830226262933918	35	9.53	0.03	0.06	8.4	0.64	0.69	13.92	10.26	0.86	0.48	879	16.48	2.8	83.08	-0.08	-1.09	75.39	18.69	0.58	0.42	0.08	0.58	1.43
47	fg1_m13	1	1.27	1	1	0.0	0.0	0.6505857643586929	-2.3263589920349355	3.895295205188507	0.019835118515910487	-0.008209201609556927	2.2298	0.3389225976184368	47	10.33	0.03	0.05	10.59	0.55	0.64	16.35	15.9	0.61	0.48	620	12.23	1.12	82.19	-0.05	-1.09	93.11	21.68	0.6	-0.36	0.05	0.6	-0.36
50	fg1_m13	1	1.47	1	1	0.0	0.0	0.535090002719973	-2.1840980190721897	3.7215918031029056	0.011866382039267506	-0.012330336880802215	2.0892	0.15468801152836126	62	1.99	0.03	0.05	8.09	0.53	0.6	5.3	12.54	0.91	0.77	657	11.56	1.19	83.84	0.05	-0.97	93.18	22.03	0.31	-0.27	0.05	0.31	0.42
51	fg1_m13	1	1.52	1	1	0.0	0.0	0.5560179528809013	-2.2237650332372545	3.8875862080930057	-0.03790402531663911	-0.003064139052170621	2.0697	0.1520264798326683	67	10.98	0.02	0.04	9.06	0.64	0.69	4.56	14.31	0.86	0.48	808	15.73	4.73	94.49	0.01	-1.22	87.08	16.44	1.11	1.06	0.01	1.11	0.54
52	fg1_m13	1	1.66	1	1	0.0	0.0	0.5888277248988193	-2.243228396495752	4.059227121068107	-0.03187328579722203	-0.003653084281774504	2.2015	0.2136260119323811	73	2.61	0.03	0.04	10.67	0.48	0.65	2.85	4.63	0.86	0.48	364	10.86	0.66	59.87	-0.06	-0.93	102.7	18.3	0.34	-0.66	0.06	0.34	-0.22
53	fg1_m13	1	1.71	1	1	0.0	0.0	0.6079373021806649	-2.224398341239412	3.857846143844808	-0.01617436052392416	0.0019128578088919669	2.1471	0.277484957789963	80	1.5	0.02	0.04	9.01	0.64	0.71	6.07	15.68	0.86	0.48	771	15.19	1.79	93.85	-0.03	-1.3	86.08	17.35	1.03	1.51	0.03	1.03	1.05
54	fg1_m13	1	1.76	1	1	0.0	0.0	0.5974701127851308	-2.226310645533395	3.997748887127384	-0.008601608743756177	-0.0018239282970896199	2.3854	0.2818294060732261	87	7.35	0.03	0.05	9.13	0.57	0.69	12.66	16.03	0.68	0.48	621	13.2	7.63	76.86	-0.14	-1.03	88.36	20.81	0.73	0.13	0.14	0.73	0.48
55	fg1_m13	1	1.81	1	1	0.0	0.0	0.5860935599010267	-2.1723874266362877	3.9742815907943467	0.01239622603120831	-0.001216368059678428	2.3642	0.26948457549293897	92	4.65	0.05	0.06	10.54	0.51	0.61	5.34	12.56	1.29	0.48	660	11.49	9.02	75.2	-0.11	-0.95	91.02	19.76	1.07	0.64	0.11	1.07	0.57
59	fg1_m13	1	2.0	1	1	0.0	0.0	0.5669559336243124	-2.174790462034441	3.828289060569778	-0.028164500824647037	0.007485807988985986	2.1126	0.18150181114354347	111	2.92	0.03	0.04	11.73	0.48	0.62	5.24	10.45	0.68	0.48	367	10.49	19.23	63.09	-0.0	-0.88	101.41	19.82	0.42	-0.36	0.0	0.42	0.65
60	fg1_m13	1	2.05	1	2	9.519841304991516	4.2846958611300385	0.6312331604786555	-0.7834201646082246	4.183991713551071	0.23042569000906915	0.07189457211091438	2.3324	0.6614610326713772	117	2.01	0.02	0.04	9.04	0.62	0.69	11.15	11.99	0.68	0.48	796	16.82	28.84	90.55	0.13	-1.33	90.13	17.99	1.11	1.25	0.13	1.11	-1.21
61	fg1_m13	1	2.1	1	2	5.900790640903803	3.650900524844986	0.5794854256125267	-0.9868321732531684	3.6524178107641947	0.20351166546011146	0.01824889868361677	1.7618	0.4261145221663549	124	19.62	0.05	0.05	22.93	0.58	0.69	12.99	21.78	1.63	0.48	1241	25.84	51.59	95.41	0.35	-0.62	134.28	27.95	0.17	0.08	0.35	0.17	-0.25
62	fg1_m13	1	2.15	1	2	15.591538702922275	8.033041303838374	0.6273592838903401	-0.624049242567189	3.894113545853024	0.04837454859524657	-0.0067868966079013505	2.7816	0.5884312755275292	131	35.69	0.05	0.04	10.59	0.25	0.44	14.96	16.69	0.68	0.48	368	5.15	12.67	56.58	-0.18	-0.99	114.88	19.64	0.43	-0.47	0.18	0.43	0.82
63	fg1_m13	1	2.2	1	1	0.0	0.0	0.5851485183292722	-2.274713617351669	4.358933964801716	0.008104929137075022	-0.057474913664562415	2.4868	0.9955338738745196	138	2.45	0.06	0.03	10.78	0.37	0.3	8.82	10.41	0.86	0.48	368	9.67	2.2	57.54	0.2	-1.16	125.68	16.12	0.19	-0.25	0.2	0.19	0.67
64	fg1_m13	1	2.3	1	1	0.0	0.0	0.5485360810204618	-2.21391588874119	4.0874549381754015	-0.027119206732845097	-0.12789083183054445	2.6586	0.2222009756131651	152	0.09	0.05	0.03	8.44	0.4	0.5	15.28	31.58	0.86	0.77	368	11.32	15.27	50.55	0.15	-1.22	118.53	17.25	0.71	-0.13	0.15	0.71	-0.53
65	fg1_m13	1	2.35	1	1	0.0	0.0	0.5672014936933008	-2.333396605384256	4.3306681569367935	0.011123951617603694	-0.002554449229158717	2.8639	0.1738385607538402	159	0.68	0.03	0.03	6.21	0.36	0.42	17.36	25.71	0.68	0.77	368	9.51	9.76	51.49	-0.03	-1.21	119.72	19.86	0.68	-0.49	0.03	0.68	0.7
66	fg1_m13	1	2.4	1	2	15.575873212769766	5.8954912618094655	0.601098170174099	-2.434402208503671	4.560152138030858	-0.054210541903329836	-0.02726466960271768	2.9983	0.16248037541402324	165	11.18	0.04	0.03	10.22	0.34	0.42	19.08	22.62	0.68	0.48	368	8.21	12.46	53.44	0.06	-1.03	123.65	18.66	0.3	-0.43	0.06	0.3	0.46
67	fg1_m13	1	2.44	1	2	8.853956425252955	5.445528056996712	0.5906333569933323	-0.7845870370123174	4.77161068379473	0.15298937608319568	-0.015395794221363503	3.0834	0.4642571679981741	172	13.34	0.05	0.03	11.05	0.35	0.37	14.28	15.32	0.68	0.48	368	8.36	17.89	55.1	0.01	-1.08	122.87	18.96	0.24	-0.84	0.01	0.24	0.44
68	fg1_m13	1	2.54	1	2	6.210233369206035	15.398556114551122	0.6059120841442482	-1.0703778368397394	4.175031006302244	0.0846587627948741	0.03591557290925496	3.6681	0.35449244121913465	179	13.57	0.04	0.03	8.8	0.32	0.49	13.49	15.33	0.68	0.48	368	9.62	14.41	45.03	0.02	-1.04	123.64	16.25	-0.41	-0.38	0.02	0.41	-0.37
69	fg1_m13	1	2.64	1	2	2.8381861488555664	24.740017357925623	0.6224668030658336	-1.7604998753221717	4.0344330152511905	-0.007204095983001294	-0.021184163340018467	3.2182	0.19406645698949307	185	2.46	0.07	0.03	10.49	0.34	0.45	7.7	17.7	0.86	0.48	759	11.64	19.71	53.77	-0.25	-1.14	126.82	16.95	0.32	-0.14	0.25	0.32	0.62
70	fg1_m13	1	2.74	1	1	0.0	0.0	0.6150045005485775	-2.2611344510082585	4.39463541296946	-0.06616070070108783	-0.21454472319880485	2.603	0.23802255506721845	192	4.86	0.05	0.02	6.56	0.3	0.44	10.26	12.52	0.96	0.77	368	9.26	18.53	43.02	-0.01	-1.12	130.22	15.14	0.22	-0.73	0.01	0.22	-0.77
71	fg1_m13	1	2.83	1	1	0.0	0.0	0.5847173113360976	-2.3462509538676244	4.2791071686310405	-0.03912305897352597	-0.027205534661500108	2.6705	0.15919004614741106	199	0.08	0.03	0.02	6.76	0.29	0.46	10.62	13.16	0.68	0.77	368	8.89	16.09	44.13	0.06	-1.21	132.27	17.04	-0.01	-0.59	0.06	0.01	-0.64
72	fg1_m13	1	2.92	1	1	0.0	0.0	0.6079659112383843	-2.28939321503824	4.393369350729243	-0.06113631530934102	-0.17090637787006135	2.7743	0.3884741080117309	206	4.2	0.04	0.02	6.6	0.28	0.36	6.55	7.57	0.68	0.77	368	9.21	6.97	44.28	-0.08	-1.19	132.78	16.21	0.15	-0.79	0.08	0.15	-0.64
74	fg1_m13	1	3.12	1	1	0.0	0.0	0.6091964062481738	-2.4296478021700065	4.3234382014089325	-0.055477532265623485	-0.050595153448979066	2.8017	0.23147973987349346	217	0.53	0.03	0.02	10.05	0.28	0.39	7.03	12.59	0.86	0.48	368	7.62	11.3	49.0	-0.01	-1.08	131.77	17.28	-0.13	-0.94	0.01	0.13	-0.98
75	fg1_m13	1	3.22	1	1	0.0	0.0	0.608954237780901	-2.4790911022252256	4.339725482655943	-0.09105727052223483	-0.07761015043811466	2.8731	0.13868149018617887	224	4.99	0.05	0.03	10.52	0.3	0.37	34.85	32.9	0.86	0.48	368	8.29	17.58	46.54	-0.05	-1.21	130.9	14.86	-0.01	-0.67	0.05	0.01	-1.8
76	fg1_m13	0	3.31	1	1	0.0	0.0	0.6049891010919115	-2.4699996820095804	4.42734962071242	-0.08992738458713771	-0.09163792537777267	2.7036	0.20808510825046256	231	0.9	0.05	0.03	9.86	0.31	0.44	16.32	15.98	0.68	0.48	368	8.79	16.41	45.98	-0.05	-1.17	132.09	15.29	0.07	-0.62	0.05	0.07	0.06
77	fg1_m13	0	3.41	1	1	0.0	0.0	0.6110773102872601	-2.4964348585256446	4.333727770066576	-0.0806511772268665	-0.10232386065431393	2.9056	0.22133541715840369	237	5.72	0.04	0.03	6.88	0.3	0.47	17.84	16.71	0.68	0.77	368	9.05	15.27	46.43	-0.05	-1.1	132.09	15.76	-0.12	-0.88	0.05	0.12	-0.08
79	fg1_m13	0	0.1	2	1	0.0	0.0	0.5958451500548718	-1.573789814490265	3.197392322329806	-0.000518952516018746	0.03358755748555293	0.6564	0.12194912154128265	2	1.74	0.04	0.06	10.79	0.83	0.83	1.26	1.61	0.61	0.77	1043	22.11	19.6	114.01	-0.04	-1.39	51.41	13.98	-0.56	0.74	0.04	0.56	-0.95
80	fg1_m13	1	0.39	2	2	5.04273439107088	2.488169716591288	0.6129889740169683	-1.3907481622045488	2.8248839960397483	0.3923718621631522	0.028420206957856037	0.6839	0.6196521981048246	9	1.54	0.02	0.04	13.3	0.72	0.72	4.78	5.42	0.96	0.48	1367	18.63	2.43	110.71	-0.54	-1.12	66.5	24.78	1.84	4.95	0.54	1.84	-0.07
81	fg1_m13	1	0.49	2	1	0.0	0.0	0.576563634329163	-1.7425443863068182	3.4384240699393165	0.06250549064777358	0.04989078828322647	0.7739	0.28901774874344544	16	13.67	0.06	0.1	25.08	0.76	0.87	32.05	30.35	1.25	1.07	1117	24.75	81.19	106.62	-0.04	-1.4	69.51	20.0	0.1	-0.29	0.04	0.1	0.39
82	fg1_m13	1	0.59	2	1	0.0	0.0	0.6783400789354697	-1.4734984971821417	2.325205285668789	0.19231555122674152	0.015258315505624537	0.6265	0.7261292585466816	23	8.06	0.05	0.06	17.69	0.57	0.46	16.98	19.76	1.36	0.48	673	12.08	12.45	84.58	0.08	-0.92	91.04	21.22	-0.49	0.16	0.08	0.49	1.77
83	fg1_m13	1	0.68	2	1	0.0	0.0	0.6072085085976076	-2.0060362369793556	3.494214709204201	0.1485958009274662	0.023443600330469168	1.6514	0.5869131666624268	30	8.64	0.05	0.05	11.54	0.62	0.6	8.46	13.67	0.86	0.77	1214	18.07	37.28	102.56	0.1	-1.33	79.7	21.52	0.71	1.08	0.1	0.71	-0.9
84	fg1_m13	1	0.88	2	2	6.551989476402493	5.657701104308167	0.6347649534882662	-2.1529748530932995	4.290369999731158	0.07224246873755914	-0.008810649203792018	1.8857	0.5572174206016907	36	7.92	0.03	0.04	17.48	0.49	0.67	3.4	5.91	0.68	0.48	368	9.69	31.37	66.62	0.07	-0.92	101.9	19.02	0.23	-0.46	0.07	0.23	0.34
85	fg1_m13	1	1.17	2	1	0.0	0.0	0.5974783916656888	-2.3306829457064904	4.079384476847864	-0.020831739567865458	-0.005652499565705045	2.3844	0.2167367768304111	42	13.46	0.03	0.04	6.09	0.49	0.67	12.71	23.95	0.68	0.77	688	11.73	7.92	72.84	-0.11	-1.02	88.25	18.15	0.95	0.62	0.11	0.95	-1.84
87	fg1_m13	1	1.37	2	1	0.0	0.0	0.5813517346076607	-2.310323385643474	4.476904977249822	-0.004897568475254437	0.007102076205887848	2.6581	0.3973034753057412	53	23.57	0.03	0.04	15.84	0.43	0.53	2.79	4.84	0.68	0.48	367	9.59	10.26	63.11	0.09	-0.96	106.04	21.16	0.33	-0.32	0.09	0.33	-0.81
88	fg1_m13	1	1.42	2	1	0.0	0.0	0.6295843534497712	-2.4101321460128955	4.0188932342035	0.0356345177281737	0.0007529669425747957	2.6486	0.19808097602528496	58	20.95	0.03	0.04	16.68	0.46	0.42	12.76	18.61	0.86	0.48	368	9.65	6.67	67.27	0.04	-0.99	108.62	20.15	0.31	-0.57	0.04	0.31	0.47
89	fg1_m13	1	1.47	2	1	0.0	0.0	0.5813250531902887	-2.442997467988401	4.5610183373589415	-0.0887845718845031	-0.03348388235246328	3.1001	0.16141919930931378	63	9.28	0.03	0.04	10.91	0.6	0.77	1.68	3.14	0.86	0.48	780	14.92	5.16	86.46	0.03	-1.4	83.67	19.24	1.18	1.43	0.03	1.18	-1.72
90	fg1_m13	1	1.52	2	1	0.0	0.0	0.5690452618352018	-2.3056783339527107	4.271583400370248	-0.0033529385632610586	-0.005348799456436436	2.9169	0.31123530997697263	68	12.73	0.04	0.06	15.88	0.46	0.63	3.43	4.88	0.86	0.48	368	10.71	8.87	57.48	0.02	-1.09	99.87	22.47	0.6	-0.25	0.02	0.6	-0.94
91	fg1_m13	1	1.66	2	1	0.0	0.0	0.5804480670439841	-2.356682590370227	4.350859737403306	-0.0817520833558012	-0.042427293429284	2.8828	0.17753002082038774	74	10.91	0.03	0.04	12.42	0.54	0.61	1.68	5.26	0.86	0.48	703	13.68	4.97	74.0	-0.05	-1.15	88.43	18.58	1.3	1.55	0.05	1.3	-1.61
92	fg1_m13	1	1.71	2	1	0.0	0.0	0.5303485822275548	-2.2654701390727268	3.901371821105541	-0.030341053584506256	0.0020372232766163925	2.7983	0.2491920470560053	81	8.89	0.03	0.03	13.67	0.5	0.43	1.21	3.59	1.09	0.48	747	11.57	0.95	77.91	-0.01	-1.02	93.11	18.92	1.21	1.25	0.01	1.21	1.24
93	fg1_m13	1	1.76	2	1	0.0	0.0	0.6104430222286346	-2.360379524637227	4.22663204063601	-0.051817262076983193	-0.03713356390659118	2.7289	0.2921055689622498	88	12.4	0.04	0.05	6.32	0.43	0.59	10.6	12.92	0.68	0.77	366	8.9	3.11	62.6	0.04	-1.06	103.16	20.0	0.63	-0.42	0.04	0.63	-1.04
94	fg1_m13	1	1.81	2	1	0.0	0.0	0.6177632134825958	-2.30502883014854	4.309192975412518	-0.10986943308515301	-0.014370188170667524	2.8494	0.3509844169272418	93	3.25	0.03	0.03	6.66	0.5	0.61	2.86	6.05	0.68	0.77	677	11.68	8.77	71.1	0.03	-1.25	86.96	20.65	1.1	0.96	0.03	1.1	-0.28
95	fg1_m13	1	1.86	2	1	0.0	0.0	0.5788833899791828	-2.322792752869712	4.327842012395965	-0.09021641617856008	-0.041028780831259104	2.6933	0.18838213816174976	99	8.42	0.03	0.03	5.33	0.48	0.65	1.8	5.35	0.68	0.77	665	11.45	8.52	76.54	0.01	-1.17	90.5	20.2	1.16	0.9	0.01	1.16	0.11
96	fg1_m13	1	1.91	2	1	0.0	0.0	0.5552459022060238	-2.2760090182864983	3.9643948391770487	-0.03667612949102895	-0.010495170948174723	2.7417	0.1252877499022733	103	5.28	0.03	0.04	16.22	0.44	0.5	4.09	4.39	0.68	0.48	368	9.39	9.62	65.82	0.06	-1.02	106.37	20.41	0.58	-0.24	0.06	0.58	-2.67
98	fg1_m13	1	2.0	2	1	0.0	0.0	0.5762675910236127	-2.3606194552324493	4.427777497015754	-0.08688300721173761	-0.08599077351447497	3.0214	0.1291509332139997	112	1.66	0.02	0.02	8.42	0.51	0.69	1.19	2.8	1.09	0.48	660	12.33	5.81	74.3	0.05	-1.27	90.19	19.01	1.42	1.61	0.05	1.42	-0.05
99	fg1_m13	1	2.05	2	2	8.877259393529082	4.133900316646994	0.6215999336294614	-1.0037888206665364	4.492363202653585	0.11396912714978392	-0.12075348302888445	2.6809	0.6733547456727872	118	8.27	0.03	0.04	16.53	0.43	0.47	3.04	4.39	0.96	0.48	368	8.84	17.4	64.47	-0.02	-1.07	106.96	19.97	0.58	-0.37	0.02	0.58	0.75
100	fg1_m13	1	2.1	2	2	4.675145098758382	5.362903718008578	0.6024367406779274	-1.5831019954362562	4.015683891201446	0.32601789454703456	0.0006378851586958327	2.5655	0.6252113222859501	125	10.03	0.03	0.05	19.65	0.47	0.19	14.18	13.18	0.86	0.48	368	10.51	51.84	90.7	0.04	-0.99	156.2	23.96	-0.48	-0.54	0.04	0.48	1.52
101	fg1_m13	1	2.15	2	2	11.48037563869563	6.410324283067236	0.5452061621089039	-2.158999777971385	4.1938836787530125	0.07142063653424366	-0.02463893668267836	3.8018	0.4061490563008445	132	41.8	0.04	0.03	6.72	0.36	0.34	3.91	3.46	0.68	0.77	368	8.91	7.24	55.5	0.08	-1.1	113.96	17.65	0.75	-0.16	0.08	0.75	-0.45
102	fg1_m13	1	2.2	2	2	15.444716609212673	5.984667133433021	0.5906067955406102	-2.471655564525259	4.6616173701430235	-0.036108891851601765	-0.2310494630975986	3.1281	0.6339909319319208	139	0.95	0.05	0.03	7.9	0.33	0.39	4.18	6.68	0.86	0.48	368	9.6	9.8	46.14	-0.11	-1.2	112.61	20.35	0.3	-0.15	0.11	0.3	-0.09
103	fg1_m13	1	2.25	2	1	0.0	0.0	0.6121979369556521	-2.047351199064747	4.405357236372731	0.03181264804945663	-0.17179490828048222	2.4209	0.42887472326958415	146	14.01	0.06	0.03	12.48	0.32	0.52	6.48	6.74	1.09	0.48	368	8.75	17.85	48.86	0.04	-1.2	118.77	18.46	0.41	-0.29	0.04	0.41	0.41
104	fg1_m13	1	2.3	2	1	0.0	0.0	0.5703284655127484	-2.185551499341238	4.271081733155834	-0.03898925680209718	-0.19360228101127547	2.2063	0.2884911675013664	153	8.17	0.05	0.04	14.17	0.33	0.54	4.63	6.35	0.68	0.48	368	8.52	20.13	53.6	-0.09	-1.11	121.9	18.39	0.32	-0.33	0.09	0.32	-0.89
105	fg1_m13	1	2.35	2	2	16.18313086897042	6.118430060494683	0.5832122992470424	-2.3729283034698465	4.248612733963316	-0.06305422921265674	-0.1613067957412988	2.419	0.3173910442729326	160	7.86	0.04	0.03	9.1	0.3	0.42	7.61	11.7	0.96	0.48	368	7.28	27.65	51.16	-0.11	-1.2	121.64	17.95	0.56	-0.22	0.11	0.56	0.11
106	fg1_m13	1	2.4	2	2	13.071814225228625	5.885183382228115	0.5985562957776702	-2.4229206762569526	4.098133129089386	0.004584942613400561	-0.16041410877037746	2.5759	0.30977637865358737	166	1.56	0.05	0.03	15.28	0.34	0.31	5.86	8.3	0.86	0.48	368	9.05	26.43	50.12	0.04	-1.18	121.16	17.25	0.76	-0.13	0.04	0.76	-0.16
107	fg1_m13	1	2.44	2	2	7.721582489288653	5.769789911566277	0.6177396727108879	-0.8176809488418748	4.377825782036833	0.00857708449662063	-0.06626934130207075	2.7923	0.18046337429409756	173	1.37	0.03	0.02	5.69	0.35	0.28	3.06	6.05	0.86	0.77	368	9.44	28.54	50.55	-0.01	-1.21	122.51	18.45	0.73	-0.07	0.01	0.73	0.4
108	fg1_m13	1	2.54	2	2	5.441657295142528	15.482461188795687	0.5989164211008212	-1.2911516841275616	4.091403912462919	0.09531963268691512	0.0051134918407550155	3.4752	0.4258288228161771	180	20.21	0.06	0.03	8.23	0.29	0.26	19.95	17.37	0.68	0.77	368	9.87	1.06	47.62	-0.09	-0.83	127.72	14.89	0.24	-0.34	0.09	0.24	0.97
109	fg1_m13	1	2.74	2	1	0.0	0.0	0.6166509982176006	-2.176159097768541	4.475910179467105	-0.0338875889749436	-0.17702183421418036	2.6636	0.4095297052134696	193	14.21	0.04	0.02	12.47	0.25	0.23	9.09	9.59	0.68	0.48	368	8.35	11.59	44.09	0.01	-1.08	130.91	15.03	0.16	-0.66	0.01	0.16	0.39
110	fg1_m13	1	2.83	2	1	0.0	0.0	0.6138231954741962	-2.4923811320514115	4.2855552440769	-0.061166995665249475	-0.07221125159911976	2.9033	0.16930647485245776	200	14.49	0.04	0.02	6.68	0.24	0.23	7.16	8.55	0.68	0.77	368	7.22	13.58	44.59	0.04	-1.04	133.16	13.17	0.25	-0.38	0.04	0.25	-0.17
111	fg1_m13	1	2.92	2	1	0.0	0.0	0.6165866288855425	-2.4411070644430817	4.333849264391806	-0.027637856981598197	-0.1934274817730913	2.7236	0.2486646572811302	207	6.37	0.05	0.02	12.36	0.23	0.3	18.43	27.37	0.86	0.48	368	7.48	5.25	41.4	-0.03	-1.11	131.6	16.28	0.04	-0.74	0.03	0.04	0.02
112	fg1_m13	1	3.12	2	1	0.0	0.0	0.6200286848455472	-2.238294089343896	4.423573711645369	-0.08041256136519888	-0.19849547849606755	2.8409	0.20275442867359966	218	1.23	0.03	0.02	6.95	0.25	0.34	4.76	6.5	0.96	0.48	368	7.69	18.11	43.16	0.0	-1.2	132.19	15.77	0.51	-0.27	0.0	0.51	1.92
113	fg1_m13	1	3.22	2	1	0.0	0.0	0.6102301527075538	-2.5031322005247727	4.248020335551281	-0.06392684557221656	-0.1585214151158835	2.7186	0.1900924245253584	225	6.63	0.05	0.03	11.7	0.24	0.32	9.79	8.98	0.96	0.48	368	7.89	7.15	43.79	0.03	-1.0	130.27	16.68	0.28	-0.71	0.03	0.28	1.52
114	fg1_m13	0	3.31	2	1	0.0	0.0	0.6167746905949932	-2.4617164549606425	4.2100694138386965	-0.028720061184899975	-0.1071162651024141	2.6955	0.21843040729429206	232	4.86	0.05	0.03	11.58	0.25	0.2	7.38	8.85	0.96	0.48	368	7.73	13.08	45.08	0.08	-1.05	132.08	15.83	0.23	-0.81	0.08	0.23	-2.41
117	fg1_m13	0	0.1	3	1	0.0	0.0	0.5113767610364366	-1.7741980960274697	2.751390250199386	-0.05954928360908272	-0.008623573750869048	0.8816	0.07434002797816666	3	0.34	0.02	0.04	8.69	0.73	0.31	4.67	21.76	1.09	0.64	1256	16.41	7.9	74.84	-0.05	-1.19	53.71	15.4	0.07	0.08	0.05	0.07	0.93
118	fg1_m13	1	0.39	3	2	10.515344942247252	3.8452094414562787	0.5505461314484896	-0.8573530640662929	3.19785791435241	0.2074628775996438	0.028964766981747894	0.8556	0.39832545181328	10	14.18	0.02	0.06	6.88	0.87	0.29	6.75	12.47	1.09	0.48	1256	15.27	17.32	69.35	-0.07	-1.17	58.58	18.26	0.94	3.32	0.07	0.94	1.42
119	fg1_m13	1	0.49	3	2	13.857336512556193	4.177149317984333	0.6193696988765285	-0.8811657630869413	4.115258864453474	0.2133192687197984	-0.08278040658016457	0.6509999999999999	0.737296540806256	17	26.15	0.03	0.09	8.75	0.78	0.58	10.81	33.03	1.09	0.77	1062	16.55	92.56	105.88	0.2	-1.28	71.77	22.63	0.02	-0.42	0.2	0.02	2.06
120	fg1_m13	1	0.59	3	2	15.682260980873362	2.8528569795764924	0.606897350853092	-1.622094880354973	3.0405409576586764	0.18864600808661847	0.05427483466511488	0.7954	0.4229139181388433	24	39.99	0.05	0.06	10.23	0.7	0.52	3.1	7.96	1.52	0.48	1664	22.68	50.43	85.46	-0.1	-1.16	72.17	18.87	0.02	-0.77	0.1	0.02	-2.17
121	fg1_m13	1	0.88	3	2	9.89062891635873	11.42878334789773	0.5869710453877326	-2.4759895857429357	4.412096870969606	0.055306446626479266	-0.006251452664344239	3.4165	0.45693743210354	37	1.71	0.03	0.04	10.49	0.39	0.19	4.03	4.09	0.96	0.48	368	9.15	13.55	57.04	0.16	-0.86	97.32	18.11	0.57	-0.25	0.16	0.57	-1.79
122	fg1_m13	1	1.17	3	1	0.0	0.0	0.6306408944357601	-2.6496226168732337	4.841902141509485	-0.03347910243605878	-0.02676478746830965	3.3386	0.28077215482774903	43	22.44	0.04	0.05	9.71	0.39	0.21	3.97	5.47	0.86	0.48	368	8.66	4.09	57.03	-0.05	-0.92	101.94	18.78	0.61	-0.26	0.05	0.61	-0.06
123	fg1_m13	1	1.27	3	1	0.0	0.0	0.6078557152477561	-2.2945043622346724	5.004947430186286	-0.024191808279257047	-0.04817733480686884	3.5485	0.2281576272175266	48	5.87	0.03	0.03	8.0	0.42	0.59	1.29	1.68	0.86	0.48	368	11.26	8.59	46.16	-0.04	-1.11	95.31	19.32	0.79	-0.19	0.04	0.79	-0.09
124	fg1_m13	1	1.37	3	1	0.0	0.0	0.5781740819340079	-2.4808309250749114	4.501150812593121	0.010025959664768573	-0.001975331006310321	3.5111	0.0896209255670447	54	86.11	0.04	0.04	8.99	0.37	0.11	10.22	16.15	0.68	0.77	368	7.78	1.14	63.23	-0.11	-1.13	107.95	18.7	0.51	-0.6	0.11	0.51	0.33
125	fg1_m13	1	1.42	3	1	0.0	0.0	0.6264674342228147	-2.614226460050689	4.9448985298156245	-0.07224812459064335	-0.08532045720301684	3.6729	0.24797691896438984	59	31.26	0.03	0.03	8.02	0.39	0.6	2.17	3.87	0.96	0.48	368	9.16	8.22	52.41	0.0	-1.12	100.81	20.83	0.75	-0.28	0.0	0.75	-0.7
126	fg1_m13	1	1.47	3	1	0.0	0.0	0.5862068327377448	-2.5280485565145248	4.849703428719948	-0.02210281843517111	-0.005080256278977674	3.5743	0.2306761438412239	64	20.34	0.04	0.04	8.94	0.4	0.58	2.48	2.52	0.68	0.48	368	10.06	6.01	48.34	-0.08	-1.15	100.41	20.77	0.85	0.01	0.08	0.85	-1.17
127	fg1_m13	1	1.52	3	1	0.0	0.0	0.5712209945485617	-2.4525186917205613	4.4526207674419815	0.006737452756253442	-0.009782360534455484	3.5986	0.2922600450551792	69	32.33	0.03	0.04	10.95	0.43	0.28	5.94	6.55	0.68	0.48	368	9.26	2.7	62.75	0.07	-1.07	107.67	20.62	0.56	-0.34	0.07	0.56	-1.2
128	fg1_m13	1	1.66	3	1	0.0	0.0	0.5825654556749079	-2.523616207399193	4.672167537132899	0.04553199323421498	-0.004185142189656015	3.5272	0.14334015470544098	75	22.18	0.04	0.04	9.55	0.39	0.22	3.63	4.16	0.96	0.48	368	8.63	10.77	55.86	-0.03	-1.1	102.34	19.69	0.62	-0.38	0.03	0.62	2.39
129	fg1_m13	1	1.71	3	1	0.0	0.0	0.5703621850180649	-2.450258825536896	4.6287967745318115	0.002154883417566072	-0.007049528674533608	3.2329	0.11576774088955667	82	15.92	0.03	0.05	9.96	0.39	0.34	2.56	3.73	0.86	0.48	368	8.47	13.37	59.76	0.01	-1.07	105.52	19.83	0.57	-0.43	0.01	0.57	-0.55
130	fg1_m13	1	1.81	3	2	15.946791520727816	5.363397682442381	0.6182211815861198	-2.5514118628237257	4.720561231403032	-0.02052413574318429	-0.17382883756605835	3.3310000000000004	0.412723455374754	94	6.84	0.04	0.04	8.9	0.42	0.42	1.68	1.76	0.86	0.48	368	9.39	20.4	52.23	0.04	-1.19	101.65	21.12	0.75	-0.26	0.04	0.75	1.72
131	fg1_m13	1	1.86	3	2	14.27241079943324	4.725850730503239	0.5595421042089535	-2.3370411422158157	4.33197674832762	0.005212052159406846	-0.03830574451861125	3.1539	0.2272728185726188	100	23.57	0.03	0.04	9.67	0.42	0.31	4.6	5.49	0.86	0.48	368	8.79	21.33	58.8	-0.09	-1.08	102.72	20.59	0.57	-0.45	0.09	0.57	-1.09
132	fg1_m13	1	1.91	3	2	12.275484312690551	4.535237134514449	0.5395190145494035	-2.3866309005934707	4.169672888305272	-0.012038242185402856	-0.007959374360567963	3.1518	0.15583542115962948	104	24.62	0.03	0.05	8.51	0.46	0.32	3.52	6.28	0.86	0.48	368	9.6	28.03	57.24	0.0	-1.1	103.08	20.2	0.75	-0.21	0.0	0.75	1.95
133	fg1_m13	1	1.96	3	2	9.790268877535734	5.053589947531671	0.5780858100976067	-2.2349270002891033	4.511750903874863	0.013204462591733869	-0.18747417588523246	3.3236	0.1856788293307168	107	3.09	0.03	0.04	8.57	0.49	0.57	2.24	3.05	0.68	0.48	368	10.11	42.65	50.63	0.01	-1.25	100.23	21.65	0.86	-0.31	0.01	0.86	1.95
134	fg1_m13	1	2.0	3	2	6.9835320775219465	5.2727842332392685	0.6125834793396582	-1.1482986426610444	4.191485634462392	0.14980385912798788	-0.05557823647568807	3.1233	0.4891203339201319	113	14.87	0.04	0.05	10.05	0.52	0.52	3.48	4.1	0.86	0.48	368	10.03	49.57	58.25	-0.04	-1.15	105.67	19.5	0.78	-0.09	0.04	0.78	0.61
135	fg1_m13	1	2.05	3	2	3.5863795376086225	5.777234552326486	0.587450686122946	-1.396214414947699	3.616311738508691	0.2798136228643633	-0.008452908440490141	3.1021	0.2808673431291155	119	17.61	0.04	0.07	27.1	0.53	0.11	28.37	50.85	2.8	0.21	1170	15.2	30.65	116.25	1.07	1.65	121.53	63.56	1.76	2.2	1.07	1.76	-1.36
136	fg1_m13	1	2.1	3	2	2.9131658258480444	4.592826080280612	0.5956055690063925	-1.3712300657361056	2.8017357915617387	0.3504722757462756	-0.002147939042849293	1.9331	0.3166183753058801	126	56.59	0.1	0.09	29.34	0.51	0.43	10.83	9.93	1.29	0.48	365	11.19	40.76	129.59	0.27	-1.24	180.95	51.52	-0.15	-1.11	0.27	0.15	0.69
137	fg1_m13	1	2.15	3	2	7.699408711063483	11.197472383220962	0.5848574214348979	-1.0600426495094393	3.8609789122629934	0.2703969078927549	-0.008410204091276937	4.6937	0.5706402676345804	133	19.13	0.07	0.06	10.81	0.33	0.48	8.88	11.63	0.68	0.77	751	13.01	9.97	56.61	0.04	-1.22	120.31	24.45	0.4	-0.92	0.04	0.4	1.76
138	fg1_m13	1	2.2	3	2	9.560040088828098	6.70069730948714	0.599605693940277	-1.010587688474903	4.57704383336768	0.1715814695133971	-0.1927854177933873	3.0307	0.7656164456975263	140	36.8	0.06	0.03	8.59	0.33	0.41	5.03	4.9	0.68	0.48	367	9.29	2.91	49.19	-0.08	-1.12	121.54	17.85	0.67	-0.23	0.08	0.67	0.05
139	fg1_m13	1	2.25	3	2	10.33338310242049	6.084711619760292	0.5767246719091779	-2.3050673295731974	4.389155551030318	0.009250325077750608	-0.07943290659985584	2.5656	0.2722713217422105	147	36.38	0.04	0.04	8.6	0.32	0.49	3.28	4.38	0.86	0.48	368	8.03	3.65	52.4	-0.05	-1.26	121.56	18.82	0.34	-0.57	0.05	0.34	0.62
140	fg1_m13	1	2.3	3	2	10.218713408959312	6.256911324175056	0.5786761278332355	-2.276048808996028	4.444896111570901	0.00488151308662855	-0.028539343142872483	2.7439999999999998	0.2823408825999056	154	21.72	0.04	0.04	7.71	0.3	0.4	4.4	5.33	0.86	0.48	368	8.2	4.87	50.41	-0.0	-1.15	122.9	17.03	0.45	-0.55	0.0	0.45	0.55
141	fg1_m13	1	2.35	3	2	9.073898219006496	6.130275605373192	0.6234506138802887	-1.0479695243728837	4.9874039531216	0.10678849839137887	-0.09511098274367548	2.7878	0.4997413628808048	161	4.64	0.05	0.04	7.39	0.29	0.25	15.87	21.63	0.86	0.48	368	8.46	11.0	48.59	-0.08	-1.11	122.19	17.36	0.42	-0.77	0.08	0.42	0.47
142	fg1_m13	1	2.4	3	2	7.0933466599185735	6.19269940826685	0.6128980396015374	-1.0334152076676055	4.710129992137476	0.16914570588882558	-0.06259871349788496	2.9933	0.5988653805881018	167	6.5	0.05	0.04	8.63	0.3	0.26	4.79	7.19	0.86	0.48	368	8.8	15.99	45.57	-0.23	-1.11	120.21	15.84	0.34	-0.44	0.23	0.34	-0.65
143	fg1_m13	1	2.44	3	2	4.007824349146453	5.8597623092700575	0.6026458171868655	-1.135312356237498	3.88642729778564	0.28418094263023197	0.025464953384268508	2.9085	0.4667122811565488	174	4.11	0.04	0.05	8.48	0.31	0.27	15.31	34.15	1.09	0.77	752	11.93	0.16	59.52	-0.26	-0.11	124.63	30.73	0.84	-0.05	0.26	0.84	0.28
145	fg1_m13	1	2.64	3	2	1.8847315897908568	19.407071236292687	0.6071580032128217	-1.9460557886353784	3.807289949944636	0.0503982913749049	-0.1679811873839924	2.2605	0.5338236824107051	187	2.98	0.06	0.04	7.96	0.3	0.33	27.41	26.09	0.68	0.48	368	9.54	3.17	49.94	0.06	-0.8	131.72	18.28	0.04	-0.53	0.06	0.04	-0.66
146	fg1_m13	1	2.74	3	1	0.0	0.0	0.6164223179204366	-2.1811610887959514	4.448708114433939	-0.039963666856685336	-0.12787965562550618	2.4364	0.3695638527565491	194	6.11	0.04	0.02	7.95	0.28	0.32	2.69	4.22	1.09	0.48	368	8.81	3.54	49.23	0.15	-1.07	137.01	15.84	0.28	-0.56	0.15	0.28	0.57
147	fg1_m13	1	2.83	3	1	0.0	0.0	0.6096342149513959	-2.3716796533570648	4.016416426560795	-0.0018162484053299156	-0.08693131120438406	2.4813	0.181395261898192	201	4.8	0.03	0.02	7.13	0.27	0.29	3.29	5.78	1.09	0.48	368	9.24	2.7	48.08	0.15	-0.97	138.8	13.88	0.1	-0.82	0.15	0.1	-0.62
148	fg1_m13	1	2.92	3	1	0.0	0.0	0.6102894847325987	-2.383656678464649	4.213475398354664	-0.03329627919114918	-0.10834788761602847	2.6276	0.15770387012523135	208	5.51	0.03	0.02	8.16	0.32	0.45	2.78	5.11	1.09	0.48	368	9.37	25.98	46.41	0.05	-1.05	137.01	14.8	0.31	-0.57	0.05	0.31	0.18
150	fg1_m13	1	3.12	3	1	0.0	0.0	0.6012087646674681	-2.2866875943968608	4.392458678810626	-0.07521681602045828	-0.1032191986277829	2.7343	0.2897046635403748	219	0.47	0.04	0.02	8.24	0.27	0.46	4.32	6.94	0.86	0.48	368	9.32	12.3	48.7	-0.02	-0.93	135.89	15.64	0.21	-0.67	0.02	0.21	-0.96
151	fg1_m13	1	3.22	3	1	0.0	0.0	0.6021683863004289	-2.423664156188941	4.331415022648663	-0.07343527896887247	-0.07930792846633011	2.4953	0.20313504173908103	226	4.94	0.06	0.02	8.83	0.28	0.45	7.87	13.84	0.86	0.48	368	9.63	2.09	47.79	-0.12	-0.93	135.76	15.59	0.38	-0.46	0.12	0.38	-1.52
153	fg1_m13	0	8.38	3	1	0.0	0.0	0.5819170045654907	-2.330518477471213	3.763928856159681	-0.06908403174919885	-0.13083101430864422	2.2579	0.07973792563189798	242	68.26	0.04	0.03	7.51	0.42	0.59	0.55	1.12	0.68	0.48	778	56.49	1.16	70.26	-0.02	-1.33	127.52	12.54	0.94	0.48	0.02	0.94	-1.33
154	fg1_m13	0	0.1	4	1	0.0	0.0	0.519825755604524	-1.7841094365550487	2.7345840361896308	-0.050960900911673636	-0.02899796149132337	0.8895	0.05470087265156173	4	1.52	0.02	0.06	6.79	0.75	0.21	1.94	5.42	0.68	0.48	1256	15.36	1.67	66.86	-0.06	-1.21	54.71	15.68	-0.01	-0.25	0.06	0.01	-0.8
155	fg1_m13	1	0.39	4	2	13.634794104514404	4.092606597300112	0.5852003316832508	-0.6940361132574681	3.4430070386309453	0.1784034207759234	-0.17404540082553172	0.8725	0.367570751653421	11	14.52	0.02	0.05	6.63	0.79	0.14	2.45	9.57	0.68	0.77	764	14.39	2.9	61.17	0.03	-1.21	65.37	14.38	0.19	0.45	0.03	0.19	0.21
156	fg1_m13	1	0.49	4	2	19.06975593417205	4.0345955018982975	0.5118347595892759	-1.592601284337616	3.0361965286087136	0.10984770691461654	0.03412783458875356	0.565	0.4317754224860596	18	63.41	0.04	0.06	6.58	0.63	0.52	13.46	33.89	1.09	0.77	1488	21.06	16.05	56.87	-0.0	-1.02	57.98	17.4	0.26	0.21	0.0	0.26	0.75
157	fg1_m13	1	0.68	4	1	0.0	0.0	0.5843227996118151	-1.9338838170980213	3.57534090857983	0.10510070024712367	0.0077343040029229934	1.5066	0.3668357696773423	31	5.01	0.06	0.07	10.12	0.5	0.23	10.63	15.74	0.68	0.21	1225	16.38	6.67	48.37	-0.07	-1.08	66.07	12.33	0.63	0.38	0.07	0.63	0.73
158	fg1_m13	1	0.88	4	2	8.297672877011307	13.984276424802918	0.5890824583380306	-2.371905538489881	5.1700083116456055	-0.0077025555138375	-0.007887495554602246	3.6406	0.18492584450211305	38	16.89	0.04	0.04	5.89	0.24	0.33	3.68	4.18	0.96	0.48	368	8.23	2.92	32.02	-0.03	-1.0	88.31	18.47	0.44	-0.6	0.03	0.44	0.54
159	fg1_m13	1	1.17	4	1	0.0	0.0	0.5827828632028265	-2.633805519408256	5.045860370604377	-0.03949052657083851	-0.01468229540305579	3.5215	0.06616560932980285	44	17.1	0.04	0.04	5.18	0.21	0.39	15.21	11.19	0.68	0.77	368	7.72	6.18	27.09	-0.14	-1.19	90.69	17.43	0.62	-0.47	0.14	0.62	0.64
160	fg1_m13	1	1.27	4	1	0.0	0.0	0.6052830468951541	-2.473874650023701	4.976325879385226	0.016701422276427944	-0.018493757904947096	3.6924	0.22909253520984546	49	81.12	0.05	0.06	7.05	0.23	0.19	12.11	11.49	0.68	0.48	368	7.41	3.4	36.21	-0.13	-0.95	96.75	14.38	0.54	-0.63	0.13	0.54	-0.97
161	fg1_m13	1	1.37	4	1	0.0	0.0	0.6093660305502022	-2.5073447314855284	5.567332194338384	-0.12052884052673367	-0.09159112552203612	3.699	0.25565178127953275	55	8.36	0.05	0.03	5.15	0.18	0.41	14.85	13.78	0.68	0.48	368	7.03	5.73	25.82	-0.05	-1.14	91.3	14.56	0.3	-0.68	0.05	0.3	-1.24
164	fg1_m13	1	1.52	4	1	0.0	0.0	0.6026063885291116	-2.666183994054963	5.081441709481912	0.005992845791142301	-0.002533093411536172	3.5807	0.24471684599680574	70	16.77	0.05	0.04	6.06	0.18	0.3	25.89	22.15	0.68	0.48	368	6.84	3.42	27.33	0.02	-1.12	93.83	16.14	0.51	-0.68	0.02	0.51	-0.2
165	fg1_m13	1	1.66	4	1	0.0	0.0	0.6209370625056294	-2.6957602005495955	5.0697272544964935	-0.006776260417630082	-0.04007980551178745	3.2881	0.16796225100876344	76	42.91	0.04	0.04	6.36	0.13	0.22	53.76	38.23	0.96	0.48	368	5.44	3.95	28.9	0.07	-0.82	95.31	14.72	0.65	-0.53	0.07	0.65	0.01
166	fg1_m13	1	1.71	4	1	0.0	0.0	0.5897133086513553	-2.6356791624361677	4.9196458530037095	-0.035288284556142954	-0.009662932166591658	3.4657	0.1642776842046607	83	31.34	0.05	0.03	5.29	0.18	0.19	22.8	15.62	1.09	0.48	368	5.93	8.6	27.84	-0.01	-1.23	94.47	14.94	0.47	-0.82	0.01	0.47	0.78
168	fg1_m13	1	1.81	4	1	0.0	0.0	0.6234674752517712	-2.5043221626561243	4.912772276136303	-0.008092794296902496	-0.14726370923294274	3.222	0.2121720746082063	95	74.72	0.05	0.04	6.19	0.18	0.16	29.11	18.92	0.68	0.48	368	6.54	4.13	29.94	-0.13	-1.09	95.49	13.36	0.49	-0.49	0.13	0.49	0.83
169	fg1_m13	1	1.86	4	1	0.0	0.0	0.5671701024234804	-2.4982739728665964	4.74401880386916	-0.067123024713215	-0.06901864142966252	3.3909	0.11613970211888425	101	16.65	0.04	0.05	5.21	0.2	0.37	8.04	9.63	0.86	0.48	368	7.92	0.87	27.46	-0.02	-1.09	94.01	15.8	0.46	-0.5	0.02	0.46	-0.47
170	fg1_m13	1	1.91	4	1	0.0	0.0	0.5571574821429895	-2.5618649680488232	4.675432216404466	-0.043562219958224416	-0.009291635404432915	3.2584	0.16622279533059633	105	14.35	0.07	0.03	4.6	0.2	0.27	16.78	9.76	0.68	0.77	368	7.86	3.99	27.58	-0.04	-1.06	95.04	13.99	0.56	-0.68	0.04	0.56	0.16
171	fg1_m13	1	1.96	4	1	0.0	0.0	0.5883150140650322	-2.5492195339142016	4.716571233950591	-0.04696511835401363	-0.036774896248715855	3.1232	0.22901439840335205	108	70.42	0.06	0.04	6.2	0.22	0.12	5.05	6.13	0.68	0.48	368	7.87	9.97	31.17	-0.1	-1.11	95.82	14.81	0.67	-0.5	0.1	0.67	1.13
172	fg1_m13	1	2.0	4	1	0.0	0.0	0.6100870863146787	-2.654988616285242	4.653663468315104	-0.01737190272056113	-0.10018171182702547	3.0653	0.12056131774399773	114	54.26	0.04	0.03	4.63	0.21	0.15	17.57	13.95	0.96	0.77	368	7.52	4.37	29.51	0.1	-1.14	95.87	14.4	0.66	-0.41	0.1	0.66	0.97
173	fg1_m13	1	2.05	4	2	10.023411856748199	3.9318776931469688	0.5938576432989656	-0.9442880148163092	2.7565139344077307	0.4443557533266294	-0.120529738043109	3.5862	0.6212153248579243	120	7.54	0.09	0.04	4.43	0.24	0.27	13.23	11.84	0.96	0.77	368	8.93	19.53	25.74	-0.18	-1.07	98.35	14.96	0.51	-0.66	0.18	0.51	0.02
174	fg1_m13	1	2.1	4	2	6.085918364758121	4.671754364525736	0.6365919204393982	-1.3561519998847658	4.396769727228694	0.20776167528019676	0.017413085787440462	2.9504	0.6480007454676403	127	35.27	0.15	0.03	7.35	0.35	0.5	34.96	24.79	1.09	0.77	368	10.64	41.22	20.71	-0.49	-0.7	118.32	17.63	0.24	0.09	0.49	0.24	0.43
175	fg1_m13	1	2.15	4	2	16.15240128454421	6.6570221195273955	0.5763142626077273	-2.4563375746465708	4.814668020906095	-0.04588435220167708	-0.17206098604883496	3.8199	0.3863687987665436	134	47.18	0.14	0.05	8.39	0.14	-0.45	34.32	33.96	0.96	0.48	368	5.76	10.97	16.88	-0.25	-0.86	101.58	14.3	0.48	-0.18	0.25	0.48	1.47
176	fg1_m13	1	2.25	4	1	0.0	0.0	0.5738500679020406	-2.4404713797414495	4.458111407723753	-0.0038542999357205603	-0.004202268063525832	2.5144	0.1810269080526756	148	28.47	0.09	0.04	5.61	0.14	0.32	32.91	39.59	0.86	0.48	368	7.8	8.94	16.38	0.02	-0.85	102.92	14.68	0.43	-0.52	0.02	0.43	-0.42
177	fg1_m13	1	2.3	4	1	0.0	0.0	0.5830703965459488	-2.3949625610126595	4.667060861803012	-0.07182862789818062	-0.08852122422043845	2.5918	0.26009816916345874	155	7.43	0.11	0.03	6.69	0.15	0.33	28.05	18.36	0.68	0.48	368	7.49	8.79	15.96	-0.02	-1.01	103.75	14.65	0.3	-0.95	0.02	0.3	-0.41
179	fg1_m13	1	2.4	4	2	16.365723055868624	5.223480767477079	0.616540000652401	-2.6078374858668085	4.779756457612374	-0.12969328472103495	-0.19722396927418825	2.8431	0.22496029514551014	168	9.13	0.14	0.04	5.22	0.14	-0.14	25.42	13.19	0.68	0.48	368	5.82	11.96	14.93	0.09	-1.02	104.45	12.12	0.22	-0.56	0.09	0.22	0.86
180	fg1_m13	1	2.44	4	2	9.38256194958382	4.833703419766444	0.6343223741759422	-0.7902030806843974	4.979521628596705	0.12794872114272268	-0.10829846411104356	2.7737	0.4946684100427735	175	14.16	0.18	0.04	8.89	0.17	-0.08	47.45	50.7	1.09	0.48	368	5.71	15.35	13.72	0.04	-0.72	103.85	12.41	0.38	-0.75	0.04	0.38	-1.03
181	fg1_m13	1	2.54	4	2	6.750341088089974	12.101522148622356	0.6083870416541697	-1.2220712108916294	4.416804716872089	0.07257300959769691	-0.19335283771935988	3.4501	0.5120125380643517	181	73.08	0.47	0.03	5.88	0.08	0.14	52.67	36.87	0.86	0.48	368	7.26	7.8	7.71	0.27	-0.34	106.28	12.14	0.1	-0.45	0.27	0.1	-1.45
182	fg1_m13	1	2.64	4	2	2.8674386829150866	19.18668740670289	0.5766154744085309	-1.5485089998395425	4.042745881630064	0.042363376789077416	0.0016785920453542302	3.1966	0.1986422757622527	188	46.35	0.14	0.04	6.18	0.1	0.11	56.4	32.91	0.68	0.48	368	10.67	9.91	10.11	-0.02	0.03	109.07	14.68	0.25	-0.63	0.02	0.25	-0.01
183	fg1_m13	1	2.74	4	1	0.0	0.0	0.6170212529233104	-2.3167889433969915	4.565134829024981	-0.06417692354347923	-0.15601744256904684	2.7161	0.3249784759659581	195	80.37	0.31	0.03	5.2	0.12	0.19	27.79	13.54	0.96	0.48	368	6.88	14.81	8.86	0.05	0.07	111.37	13.61	0.2	-0.42	0.05	0.2	-0.2
184	fg1_m13	1	2.83	4	1	0.0	0.0	0.6289764645767231	-2.663544525694116	4.650943362132428	-0.03391904903071453	-0.1919586777170771	3.1475	0.2679737798528129	202	41.7	0.13	0.03	4.51	0.1	0.17	29.27	19.83	0.96	0.48	368	5.97	13.77	9.68	-0.28	1.81	111.14	13.47	0.2	-0.63	0.28	0.2	0.25
185	fg1_m13	1	2.92	4	1	0.0	0.0	0.6200339611862864	-2.527256549735688	4.4732495553199	-0.027701693067370248	-0.1750325332899651	2.7672	0.14491547927993315	209	20.62	0.16	0.03	4.78	0.09	-0.12	62.55	48.37	0.86	0.48	368	7.0	7.91	9.63	-0.32	0.0	108.71	12.73	0.15	-0.81	0.32	0.15	2.59
187	fg1_m13	1	3.12	4	1	0.0	0.0	0.6108797128858043	-2.44937111497112	4.398033888457505	-0.03987625914726425	-0.15430650461007026	2.8214	0.1273393322775268	220	0.76	0.27	0.02	4.68	0.13	-0.04	33.65	30.65	0.68	0.48	368	6.59	15.56	9.24	-0.05	-0.62	110.44	12.18	0.24	-0.83	0.05	0.24	-0.46
188	fg1_m13	1	3.22	4	1	0.0	0.0	0.6092843738714949	-2.5338519976343985	4.4122536118095015	-0.06338425663586221	-0.1878626472220853	2.8301	0.1567639337384207	227	5.23	0.5	0.03	8.85	0.11	-0.11	62.74	36.61	0.68	0.48	368	6.44	13.63	9.56	-0.17	0.16	107.62	12.36	0.3	-0.78	0.17	0.3	-0.95
189	fg1_m13	0	3.31	4	1	0.0	0.0	0.6091294338202194	-2.5271546754965564	4.357391969011768	-0.054435679604575266	-0.16455852951020794	2.8168	0.19922988523176405	233	0.8	0.23	0.02	3.58	0.15	-0.11	32.81	20.38	0.86	0.48	368	7.07	16.64	9.73	0.21	-0.39	108.38	12.4	-0.07	-0.37	0.21	0.07	2.7
190	fg1_m13	0	3.41	4	1	0.0	0.0	0.6074139569742889	-2.526281328717415	4.277826011620615	-0.06766498408670422	-0.16154447796296206	2.8339999999999996	0.15403767441827776	238	24.57	0.2	0.02	4.02	0.15	-0.04	44.71	42.88	0.68	0.77	368	7.05	19.06	9.79	-0.14	-0.41	110.53	11.57	0.12	-0.81	0.14	0.12	-0.84
191	fg1_m13	0	8.38	4	1	0.0	0.0	0.5680646390081829	-2.3529366813313484	3.8371329252427415	-0.07589325497238576	-0.2421519327389176	2.6639999999999997	0.15234640828785198	243	22.78	0.48	0.02	8.99	0.18	0.81	2.17	4.11	1.09	0.48	689	30.37	15.64	17.65	0.01	-1.35	106.51	12.29	0.9	0.24	0.01	0.9	1.62
192	fg1_m13	0	0.1	5	1	0.0	0.0	0.5122560918629071	-1.7659177445626018	2.7459099183565967	-0.08718366793688058	-0.005054428471774476	0.8524	0.06487598245669345	5	1.18	0.02	0.04	10.67	0.74	0.41	0.87	4.71	0.68	0.48	1256	17.04	16.5	82.22	-0.03	-1.13	52.64	15.03	-0.05	-0.21	0.03	0.05	-0.45
193	fg1_m13	1	0.39	5	2	8.587709215646527	3.6084442508999786	0.494817221585644	-1.0333721001099472	1.9789220215654182	0.4211632040931206	0.020311453681602285	0.8278	0.3956265340424287	12	5.04	0.01	0.05	7.26	0.72	0.42	1.76	8.53	0.68	0.48	1254	15.57	29.8	89.86	-0.02	-1.15	58.59	14.35	0.22	-0.34	0.02	0.22	-1.0
194	fg1_m13	1	0.49	5	1	0.0	0.0	0.5502343133443011	-1.6282369068952518	3.1567156417506923	0.09321987032116012	0.035560781285940986	0.7265	0.40345387332837707	19	25.85	0.03	0.07	10.33	0.78	0.65	6.47	14.47	0.86	0.48	1496	23.44	76.32	86.06	0.02	-1.12	56.25	17.29	0.22	-0.52	0.02	0.22	-1.01
195	fg1_m13	1	0.59	5	2	6.813775183691421	4.477957836111762	0.6730374522487859	-1.7890416370490687	2.6447338801821223	0.1505405274757451	0.022833269927680262	0.7799	0.4381076179656744	26	17.93	0.07	0.06	28.28	0.62	0.38	16.71	16.47	0.96	0.21	368	10.96	72.84	83.33	0.3	-0.72	108.3	25.19	-0.59	-0.48	0.3	0.59	0.84
196	fg1_m13	1	0.68	5	1	0.0	0.0	0.5794204436133	-1.9204010010966688	3.2624758999169874	0.18434570167916312	0.010805158403505506	1.6756	0.34781993455004684	32	1.45	0.06	0.06	14.45	0.61	0.49	9.87	11.27	0.68	0.48	1162	16.89	28.05	76.96	0.17	-0.88	81.14	14.92	0.05	0.59	0.17	0.05	-2.41
197	fg1_m13	1	0.88	5	1	0.0	0.0	0.6194367274480623	-2.4037938873068248	4.5136410915100145	0.058060872225192725	0.011885868180376655	2.98	0.41060365560275214	39	10.93	0.03	0.04	14.25	0.48	0.61	3.14	3.68	0.68	0.48	368	10.4	34.82	59.04	-0.01	-0.94	101.25	19.46	0.29	-0.36	0.01	0.29	0.42
199	fg1_m13	1	1.27	5	1	0.0	0.0	0.5633910664142072	-2.2804480796830964	3.952638391355478	0.022474682232476784	-0.0044245919724759854	2.713	0.2056383377026316	50	12.95	0.04	0.04	18.53	0.43	0.43	8.86	13.45	0.68	0.48	368	9.31	5.18	65.68	0.04	-0.86	104.94	20.59	0.22	-0.75	0.04	0.22	-1.22
201	fg1_m13	1	1.42	5	1	0.0	0.0	0.6087536157820773	-2.384840112781	4.066146644751226	-0.015351814766389988	-0.011397546094123296	2.4286	0.14635871707862222	60	11.97	0.03	0.03	6.0	0.38	0.31	5.8	8.13	0.68	0.77	368	7.22	9.9	70.49	-0.06	-0.95	109.15	20.3	0.24	-0.51	0.06	0.24	-2.21
203	fg1_m13	1	1.52	5	1	0.0	0.0	0.6013077520570942	-2.370807568185246	4.483678647804678	-0.05055160556468618	-0.005559230641994997	3.0986	0.20210006034921435	71	5.19	0.03	0.04	11.61	0.55	0.73	11.84	19.34	0.86	0.48	633	13.41	11.03	71.52	-0.0	-1.24	85.81	20.53	1.23	1.15	0.0	1.23	0.92
204	fg1_m13	1	1.66	5	1	0.0	0.0	0.6143984135169838	-2.480078054729326	4.2936493356470375	-0.04820966348591145	-0.002344091059412672	3.2227	0.2077372596571074	77	0.93	0.02	0.03	6.91	0.52	0.62	1.08	2.48	0.68	0.77	688	12.44	6.97	73.5	-0.02	-1.17	88.85	17.99	1.28	1.53	0.02	1.28	-1.06
205	fg1_m13	1	1.71	5	1	0.0	0.0	0.5527018296844027	-2.30562542534904	3.987444768356108	-0.030502225595145014	0.0011902961126718224	2.8851	0.11483314994183112	84	10.28	0.03	0.03	5.51	0.51	0.5	3.52	8.02	0.68	0.77	712	11.96	0.84	76.69	0.03	-1.15	91.69	19.05	1.18	1.05	0.03	1.18	-0.01
206	fg1_m13	1	1.76	5	1	0.0	0.0	0.5408995595245727	-2.271164981001362	4.116829157652546	-0.06576650322516679	-0.010576834210031954	2.8913	0.2605930058659456	89	2.42	0.04	0.06	17.54	0.48	0.46	5.77	6.69	0.86	0.48	368	10.2	15.94	64.9	-0.06	-1.03	104.62	21.26	0.53	-0.47	0.06	0.53	-0.21
207	fg1_m13	1	1.81	5	1	0.0	0.0	0.6159274598734589	-2.2982760535263016	4.287791204104663	-0.05346018771874653	-0.01034041356111168	2.7673	0.3417827415627376	96	9.61	0.04	0.04	14.01	0.45	0.61	1.88	3.86	0.68	0.48	368	10.24	9.86	57.68	0.0	-1.1	100.55	20.83	0.72	-0.38	0.0	0.72	2.19
211	fg1_m13	1	2.05	5	2	9.53715971032666	3.5888887823548186	0.6152723420751476	-0.7897570460503675	3.0119975013450966	0.4406084931626949	0.03527712592292385	2.3716	0.4493910660623524	121	9.19	0.03	0.03	6.11	0.55	0.67	15.7	34.05	0.68	0.77	643	13.68	9.59	76.45	-0.02	-1.25	95.61	18.91	1.03	0.69	0.02	1.03	0.39
212	fg1_m13	1	2.1	5	2	5.613625839295956	2.46694802707758	0.6076545474431633	-1.1142526323423216	2.0173027885102366	0.3922984186606393	0.0535330665528864	1.3079	0.4669487076918992	128	13.51	0.06	0.04	17.94	0.48	0.59	2.87	3.26	0.86	0.77	635	11.58	12.09	116.8	-0.37	-0.98	152.99	28.21	-0.04	-0.85	0.37	0.04	-0.75
213	fg1_m13	1	2.15	5	2	14.039132025876837	5.7058453965520695	0.5554248249224877	-2.1687482459385934	3.68390871304116	0.08789913437162936	-0.003232959945537249	2.0939	0.3531200735069117	135	22.52	0.03	0.04	8.68	0.42	0.6	3.62	6.9	0.86	0.77	673	12.93	2.81	86.62	-0.3	-0.68	125.5	19.04	-0.08	-0.89	0.3	0.08	-0.84
214	fg1_m13	1	2.2	5	2	18.460206376028328	7.304659895204116	0.5546943537387652	-2.0436979857192368	3.669682851990948	0.006468395682029538	-0.014654461040013637	1.9893	0.4599753045035436	142	6.98	0.03	0.04	5.89	0.41	0.61	3.3	4.29	0.3	0.77	665	14.45	15.06	60.45	-0.18	-1.09	104.63	15.81	0.86	0.28	0.18	0.86	0.85
215	fg1_m13	1	2.25	5	1	0.0	0.0	0.5800110644828138	-2.0623258239819524	3.920099543653474	-0.00035654727117858374	-0.051056169386173376	2.2771	0.742387742643417	149	0.36	0.03	0.03	11.38	0.42	0.69	2.36	4.03	0.68	0.48	646	14.15	22.93	59.09	0.02	-1.12	107.85	17.79	0.28	-0.34	0.02	0.28	-0.19
216	fg1_m13	1	2.3	5	1	0.0	0.0	0.6016083174372192	-2.161193607704269	4.114095231390571	-0.12338416259729575	-0.08191987167323868	2.4951	0.44923625209434015	156	4.9	0.03	0.03	6.45	0.4	0.73	4.02	6.88	0.68	0.77	581	11.5	16.75	62.18	-0.01	-1.37	110.88	17.4	0.49	-0.21	0.01	0.49	0.51
217	fg1_m13	1	2.35	5	2	18.8493907415613	6.291004560274013	0.5597638517451602	-2.2314900830268134	4.1922993561045985	-0.07965165433821646	-0.15183835426449546	2.3184	0.2942926557859907	162	2.42	0.04	0.03	13.75	0.33	0.72	4.62	5.99	0.68	0.48	360	7.3	23.64	54.03	0.0	-1.04	116.77	19.4	0.04	-0.57	0.0	0.04	-1.29
218	fg1_m13	1	2.4	5	2	15.096389656222472	4.925382919691335	0.5662310132108799	-2.1381382842523178	4.111380773875407	-0.062117247483726476	-0.3665932799644698	1.8768	0.257589036584957	169	4.51	0.03	0.03	13.37	0.35	0.68	12.14	9.59	0.68	0.48	361	8.71	23.59	52.65	0.08	-0.97	117.14	15.95	0.41	-0.66	0.08	0.41	0.85
219	fg1_m13	1	2.44	5	2	8.842470922029921	4.506091435730973	0.5947433842765346	-0.6639479837598253	3.1143032128386534	0.4069191349500829	0.026609096168435785	1.702	0.3508368173465305	176	6.02	0.04	0.03	8.62	0.41	0.68	3.44	8.21	0.68	0.48	607	12.69	22.42	66.01	0.13	-1.18	112.9	14.58	0.58	-0.38	0.13	0.58	0.3
220	fg1_m13	1	2.54	5	2	6.547159021285503	11.479421432622809	0.5883624783409335	-0.9386060038608706	3.7348477915883658	-0.03620477961439249	-0.2391600214908741	1.4781	0.3307107414893967	182	16.84	0.06	0.03	8.77	0.37	0.65	9.62	18.36	0.86	0.64	838	15.06	14.15	70.05	-0.19	-1.38	126.74	13.37	0.63	-0.12	0.19	0.63	0.2
221	fg1_m13	1	2.64	5	1	0.0	0.0	0.5842463510219	-1.8379681076491985	3.34416030164094	0.02082321225724409	0.005675349823375132	1.3430000000000002	0.3483757198377724	189	4.56	0.06	0.03	13.96	0.33	0.59	17.9	22.7	0.96	0.48	666	13.4	6.31	56.65	0.38	-0.8	125.59	15.15	0.5	-0.5	0.38	0.5	-1.12
222	fg1_m13	1	2.74	5	1	0.0	0.0	0.5861169486644062	-1.9057677481826367	3.933477142752524	-0.12703507562172758	-0.2353752007000548	1.4162	0.4342568898781772	196	3.37	0.05	0.02	6.08	0.28	0.65	23.58	26.96	0.68	0.77	634	13.03	2.91	45.12	0.08	-1.04	124.26	14.17	0.38	-0.49	0.08	0.38	0.13
223	fg1_m13	1	2.83	5	1	0.0	0.0	0.5625402784815994	-2.102520231035653	3.668130397424248	-0.093283259629565	-0.02720212853651097	1.4295	0.14341910423678153	203	1.79	0.04	0.03	10.46	0.3	0.65	14.48	11.54	0.68	0.48	638	12.84	9.94	52.98	0.12	-1.01	125.48	12.77	0.41	-0.63	0.12	0.41	0.28
224	fg1_m13	1	2.92	5	1	0.0	0.0	0.5571334488391563	-2.0660307757885046	3.6284348431559934	-0.16106634585614585	-0.06087468445125965	1.3365	0.10843125286146964	210	0.42	0.04	0.02	9.84	0.31	0.67	14.51	24.11	0.68	0.48	655	13.77	2.69	49.5	-0.02	-1.05	123.51	10.96	0.69	0.2	0.02	0.69	-0.36
225	fg1_m13	1	3.02	5	1	0.0	0.0	0.5807774945328973	-2.094324254359195	3.724902591883161	-0.1596830171360396	-0.04660129115097436	1.338	0.11846043260534432	214	0.63	0.03	0.02	10.44	0.32	0.64	13.38	18.41	0.86	0.48	645	13.22	7.98	55.1	-0.05	-0.98	128.94	12.88	0.15	-0.73	0.05	0.15	0.67
226	fg1_m13	1	3.12	5	1	0.0	0.0	0.572070032699682	-1.9663518469055916	3.759751453423548	-0.12221810115384242	-0.1457297242646717	1.4165	0.23712661231266766	221	1.05	0.03	0.02	6.57	0.3	0.65	14.64	18.73	0.68	0.77	645	13.06	17.5	49.81	-0.03	-1.02	124.58	13.37	0.09	-0.84	0.03	0.09	0.96
227	fg1_m13	1	3.22	5	1	0.0	0.0	0.5696593104813868	-2.115498668710516	3.7652582701974135	-0.1461084044923472	-0.04748271693756112	1.4371	0.08158380549845315	228	1.09	0.04	0.02	6.6	0.3	0.66	14.72	31.62	0.96	0.77	633	13.11	5.76	49.44	-0.04	-1.12	123.65	12.56	0.61	-0.43	0.04	0.61	0.05
228	fg1_m13	0	3.31	5	1	0.0	0.0	0.5704584290746202	-2.1078336795182984	3.7235221466425408	-0.0911632625458349	-0.16669187770481725	1.4767	0.09948566780409568	234	1.22	0.03	0.02	11.43	0.28	0.65	3.63	5.72	0.68	0.48	365	11.32	10.37	42.5	0.19	-0.78	128.91	13.05	-0.0	-0.63	0.19	0.0	-0.38
229	fg1_m13	0	3.41	5	1	0.0	0.0	0.571766548476824	-2.0852898545240097	3.739793060632128	-0.07999559303244122	-0.033436119475317036	1.4485	0.11249995053620047	239	0.97	0.04	0.02	10.24	0.32	0.64	3.34	8.5	0.68	0.48	637	13.04	14.75	54.32	0.04	-1.11	127.67	11.57	0.7	-0.2	0.04	0.7	1.83
230	fg1_m13	0	8.38	5	1	0.0	0.0	0.5513199682627263	-2.06864764518474	3.583092315020811	-0.14501903282323267	-0.21446556968987554	1.2163	0.1043878632051086	244	73.61	0.03	0.02	8.16	0.44	0.55	1.63	1.58	0.68	0.77	783	36.53	15.44	71.6	-0.01	-1.31	126.66	7.63	1.0	0.37	0.01	1.0	-0.73
231	fg1_m13	0	0.1	6	1	0.0	0.0	0.6109513109784332	-1.590109194283449	3.3028370935797757	0.01901955034410234	0.04930435020701385	0.6345	0.06474566899500571	6	0.02	0.02	0.04	9.06	0.82	0.84	1.82	6.87	0.86	0.48	862	20.65	43.13	107.8	-0.04	-1.36	53.89	14.23	-0.77	3.24	0.04	0.77	1.43
232	fg1_m13	1	0.39	6	2	11.691187835288618	1.966436831569213	0.640521341073287	-1.1005572354919169	3.8544994620447115	0.2760429144987793	-0.05627205304632621	0.6198	0.8350209317280953	13	3.6	0.03	0.05	7.41	0.82	0.85	3.88	14.14	0.61	0.48	1068	22.45	15.72	111.82	0.0	-1.42	56.77	17.87	1.34	4.89	0.0	1.34	0.48
233	fg1_m13	1	0.49	6	2	17.706174104822278	4.149158257146303	0.6377002124553958	-1.8634676705517013	4.27589127949793	0.11500757742922565	0.047017708953747184	0.8845	0.30901328460816063	20	21.1	0.04	0.07	18.87	0.76	0.83	7.42	11.86	1.09	0.48	703	17.76	79.16	125.81	-0.04	-1.28	87.24	22.26	-0.11	-0.54	0.04	0.11	-0.21
234	fg1_m13	1	0.59	6	1	0.0	0.0	0.5529895021992234	-1.5565589365622996	3.0129509409302204	0.2938541979946071	0.07860635607415152	0.8933	0.7191826974799904	27	5.58	0.03	0.04	8.39	0.71	0.6	2.55	4.43	2.04	0.77	1347	23.18	34.48	95.08	-0.16	-0.84	71.21	18.94	0.17	-0.86	0.16	0.17	-1.44
235	fg1_m13	1	0.68	6	2	7.791438264032031	8.0939403603885	0.6684323341677969	-2.227253853712891	4.023352026043378	0.09452244892327526	0.003241250313520125	1.3305	0.5547293647156999	33	3.4	0.05	0.05	13.14	0.65	0.78	15.44	23.49	0.96	0.48	741	15.24	32.13	97.81	-0.16	-1.44	85.61	26.0	0.07	-0.46	0.16	0.07	0.22
236	fg1_m13	1	0.88	6	1	0.0	0.0	0.7018950190571344	-2.169763440806729	3.6800287310783855	0.1271815325403746	0.004676061499469067	1.7367	0.545938500184492	40	8.18	0.02	0.04	9.7	0.53	0.69	5.76	6.24	1.09	0.48	603	12.49	11.36	74.02	-0.01	-1.01	88.78	15.18	0.63	0.27	0.01	0.63	-1.13
237	fg1_m13	1	1.17	6	1	0.0	0.0	0.6090912797334278	-2.269146368397477	4.085651950951059	0.0012031711769679829	0.004024579758316964	2.0131	0.3722707814381275	45	3.36	0.02	0.04	5.1	0.55	0.72	7.74	7.96	0.96	0.77	627	12.38	1.11	77.14	0.01	-1.06	88.77	20.31	0.58	-0.17	0.01	0.58	1.04
238	fg1_m13	1	1.37	6	1	0.0	0.0	0.6691169202802473	-2.172398679279203	3.6530521260412647	0.0382638658332564	0.008616764877791215	1.9183	0.27655909763358466	56	7.16	0.03	0.03	10.23	0.48	0.64	7.7	8.28	0.96	0.48	367	10.77	4.18	58.89	-0.03	-1.0	99.78	19.8	0.29	-0.61	0.03	0.29	-0.37
239	fg1_m13	1	1.42	6	1	0.0	0.0	0.610300631625361	-2.2597712358439352	4.313354479655676	-0.033641122475257385	0.0057261012100626564	2.135	0.25035452508485945	61	2.02	0.03	0.04	7.31	0.67	0.83	3.61	2.76	0.68	0.48	816	18.19	7.21	100.4	-0.06	-1.47	85.08	15.67	1.15	1.23	0.06	1.15	-1.47
240	fg1_m13	1	1.47	6	1	0.0	0.0	0.6320874922287163	-2.288486247513679	4.018006750729618	0.0014725061655360332	-0.006541999369981607	2.1215	0.4306815843466024	65	18.67	0.04	0.06	10.32	0.56	0.76	5.75	11.06	1.09	0.48	571	14.05	11.92	73.03	-0.18	-1.09	93.9	18.9	0.78	0.1	0.18	0.78	-0.76
241	fg1_m13	1	1.52	6	1	0.0	0.0	0.54168366301826	-2.1689477630117824	3.789897257159132	0.045236592505928	-0.0010898095094268208	2.0047	0.3336915888249309	72	3.53	0.03	0.04	8.09	0.53	0.64	2.96	4.95	1.09	0.48	628	11.51	4.47	84.79	-0.07	-1.06	93.89	18.42	0.78	0.08	0.07	0.78	-1.0
242	fg1_m13	1	1.66	6	1	0.0	0.0	0.5520072264822371	-2.188933340455028	3.887911703653887	-0.01682253527820035	0.005507476011447711	1.9956	0.3521071146639585	78	0.99	0.03	0.04	8.86	0.57	0.7	3.63	7.39	0.68	0.48	605	13.55	9.17	76.71	0.04	-1.24	92.48	19.17	0.72	-0.11	0.04	0.72	-1.89
243	fg1_m13	1	1.71	6	1	0.0	0.0	0.6149828632299453	-2.2288461048523494	4.097197359596308	-0.07193277063507761	-0.010121108370138191	1.9144	0.32173235870396616	85	3.0	0.02	0.02	6.25	0.6	0.76	2.68	3.47	0.96	0.77	568	13.75	10.51	82.45	0.09	-1.26	94.94	17.4	0.77	-0.2	0.09	0.77	-0.14
244	fg1_m13	1	1.76	6	1	0.0	0.0	0.6130229434933091	-2.2173344062780105	3.87441663004476	-0.03812710594227444	-0.0056228001359801575	1.8914	0.14578039325716352	90	0.73	0.03	0.04	8.3	0.61	0.75	1.64	1.74	0.96	0.48	584	13.82	15.6	73.75	0.05	-1.34	87.53	17.81	1.01	0.87	0.05	1.01	0.24
245	fg1_m13	1	1.81	6	1	0.0	0.0	0.6029845723179569	-2.2079475995171025	4.213692648168484	-0.04943139916325782	0.008924619268007064	1.931	0.1944918103037851	97	5.24	0.03	0.03	9.43	0.6	0.76	1.42	2.34	0.68	0.48	585	14.09	16.47	76.32	0.03	-1.24	91.23	18.51	0.94	0.35	0.03	0.94	1.33
247	fg1_m13	1	1.91	6	1	0.0	0.0	0.6023473861774937	-2.196796035904726	3.7114634747790647	-0.05097024873019717	-0.006936291713618905	1.8277	0.2042411696655683	106	3.98	0.03	0.04	9.05	0.64	0.7	2.85	3.39	0.96	0.48	751	15.24	24.99	91.27	-0.03	-1.32	85.47	18.06	1.26	1.16	0.03	1.26	0.92
248	fg1_m13	1	1.96	6	1	0.0	0.0	0.5702828710225482	-2.143287449142456	3.989484576528024	-0.04515897651045463	0.011926911623241323	1.9345	0.1329784727680313	110	1.01	0.03	0.04	8.77	0.66	0.75	1.58	3.11	0.68	0.48	718	16.07	34.42	88.56	-0.05	-1.42	84.98	18.95	1.31	1.05	0.05	1.31	-0.62
249	fg1_m13	1	2.0	6	2	12.232803070069904	3.7691203072765016	0.5667811480637441	-2.1586088905175096	4.070818519777602	-0.037215715852084906	-2.644997023349801e-05	1.8595	0.20690272651663047	115	4.53	0.03	0.04	9.88	0.54	0.7	2.19	3.33	0.68	0.48	360	11.25	42.11	64.67	-0.11	-1.03	104.79	18.6	0.48	-0.46	0.11	0.48	-0.99
250	fg1_m13	1	2.05	6	2	5.590348830549159	4.763432330570383	0.6138220004898268	-0.9790085141962256	1.8334703269653638	0.5865744956686733	0.08046222268923588	1.9742	0.8263344554755085	122	6.73	0.02	0.04	9.66	0.62	0.68	13.18	12.95	1.52	0.48	636	13.98	51.63	82.5	0.01	-1.19	107.45	35.87	2.28	5.13	0.01	2.28	-0.68
251	fg1_m13	1	2.1	6	2	3.136460301394276	3.834246236800551	0.5698184487209006	-1.3083600714251995	3.0738317907381525	0.4466050859986984	0.028777021336671694	2.05	0.690201145618397	129	14.43	0.07	0.06	20.26	0.51	0.62	52.65	55.55	1.55	0.21	945	16.09	35.37	143.01	0.26	-0.71	151.35	58.47	0.95	0.31	0.26	0.95	0.78
252	fg1_m13	1	2.15	6	2	8.417228248591643	5.161786054966727	0.5747627984061644	-0.8566960172201291	3.785964065300509	0.2645513894086073	-0.1004640985577432	2.4848	0.6488460481557584	136	6.81	0.05	0.04	6.47	0.51	0.75	4.62	4.51	0.3	0.48	793	15.35	10.86	68.82	0.21	-1.4	94.77	16.83	1.13	1.34	0.21	1.13	0.93
253	fg1_m13	1	2.2	6	2	10.718552374271463	5.725850439970917	0.6210646030742117	-0.9420877840083852	4.534347346554696	0.17464667907465115	-0.11626017939587704	2.4527	0.7662490135071307	143	0.99	0.05	0.02	8.86	0.38	0.67	15.74	19.34	0.86	0.48	357	9.78	11.96	54.98	-0.06	-1.12	121.01	19.42	-0.04	-0.75	0.06	0.04	1.55
254	fg1_m13	1	2.3	6	2	11.516653702356454	4.999424336947825	0.6525128860057918	-0.7491223369503291	3.409558556144064	0.03468149392448487	0.0032344101444914033	1.7403	0.4278687922364793	157	1.25	0.04	0.03	10.23	0.41	0.59	3.42	5.74	0.96	0.48	616	11.88	7.13	71.49	0.14	-1.11	113.54	17.15	0.41	-0.11	0.14	0.41	-0.88
255	fg1_m13	1	2.35	6	2	10.459418055300972	5.497940050635923	0.6372905081068294	-0.7176474364955011	3.5494915887408385	0.05339838376007162	-0.010105374782397009	1.6562	0.3693021831682939	163	1.31	0.04	0.02	8.12	0.39	0.61	1.93	3.93	0.96	0.48	645	13.46	12.89	62.66	0.11	-1.18	111.59	13.24	0.85	0.84	0.11	0.85	0.11
256	fg1_m13	1	2.4	6	2	8.308346574713639	5.502499350975711	0.6072361329945464	-0.7701507676684584	4.0351462555144035	0.1706053782709725	-0.10662100601446417	1.7542	0.5398399825265965	170	7.8	0.03	0.02	7.81	0.41	0.65	1.98	3.03	0.96	0.77	616	12.75	13.56	65.5	0.04	-1.36	113.04	14.71	0.47	-0.17	0.04	0.47	-0.53
257	fg1_m13	1	2.44	6	2	4.7441425697614035	5.358953639959825	0.5690222802756222	-0.9300638805966364	3.2510597504361485	0.2572889085595769	0.050595596438594896	1.7681	0.4548918509000838	177	5.61	0.04	0.04	12.57	0.46	0.68	4.86	7.98	0.61	0.48	823	15.55	0.9	94.42	-0.25	-1.02	118.18	16.22	0.48	-0.96	0.25	0.48	0.07
258	fg1_m13	1	2.54	6	2	2.620431076708144	13.873946006030614	0.5682934211038263	-1.411293147345235	3.3373632648556164	0.1071292850438796	0.02575267151056601	1.5639	0.2991821982940473	183	7.43	0.06	0.03	13.22	0.36	0.64	22.55	31.54	1.09	0.77	887	14.95	4.99	63.74	0.56	-0.59	120.15	16.78	0.43	-0.14	0.56	0.43	1.54
259	fg1_m13	1	2.64	6	2	2.316288458336362	30.868817985709157	0.5734833248020278	-1.752407645645102	3.6550805317101096	-0.013878623082230557	-0.14816520802007918	1.3868	0.4345636686048752	190	2.26	0.07	0.03	10.94	0.32	0.64	6.34	9.95	0.96	0.48	650	13.81	5.39	54.58	0.32	-1.01	136.34	14.93	0.11	-0.1	0.32	0.11	1.16
260	fg1_m13	1	2.74	6	1	0.0	0.0	0.5688965498120682	-2.077505592662612	3.61980086696286	-0.05604995876632138	-0.1114315541040906	1.5005	0.16227221262580824	197	1.23	0.04	0.03	7.21	0.33	0.65	3.25	9.5	0.96	0.48	665	13.36	6.59	54.83	-0.14	-1.15	121.91	13.23	0.37	-0.43	0.14	0.37	0.59
261	fg1_m13	1	2.83	6	1	0.0	0.0	0.5875919204037464	-2.161836548235022	3.925025997605888	-0.052132946424394616	-0.059221143920612285	1.7248	0.16350401231401704	204	0.58	0.04	0.02	7.43	0.3	0.63	2.17	6.14	0.96	0.48	658	12.93	4.53	53.46	-0.18	-1.03	129.44	13.58	0.29	-0.33	0.18	0.29	-1.11
262	fg1_m13	1	2.92	6	1	0.0	0.0	0.5808428681576822	-2.0915922948225885	3.9235261256208434	-0.055404816736876174	-0.1743004914309101	1.7657	0.2269217015539218	211	1.55	0.03	0.02	7.62	0.31	0.63	2.26	5.33	0.68	0.48	669	11.79	16.4	51.97	-0.07	-0.93	126.45	12.92	0.79	-0.07	0.07	0.79	1.86
263	fg1_m13	1	3.02	6	1	0.0	0.0	0.5861516655518975	-2.1831872093060025	3.926931521139502	-0.07011754086091129	-0.1883546344015079	1.8482	0.14056209963542146	215	1.17	0.03	0.03	7.78	0.3	0.64	3.38	6.2	0.96	0.48	658	12.13	3.71	55.36	-0.1	-0.94	130.9	15.22	-0.01	-0.16	0.1	0.01	-0.0
264	fg1_m13	1	3.12	6	1	0.0	0.0	0.5859839109279632	-2.169036271602025	3.885788220440825	-0.05011070998047162	-0.17826827172557114	1.8068	0.13725866774641954	222	1.25	0.05	0.03	10.84	0.3	0.65	12.46	19.1	0.68	0.21	656	12.54	2.69	55.41	-0.05	-0.99	129.03	13.34	0.38	-0.03	0.05	0.38	-1.13
265	fg1_m13	1	3.22	6	1	0.0	0.0	0.5716712113991654	-2.101439800653584	3.719191061895076	-0.07641762523656068	-0.11060022572972758	1.6747	0.13410615276650942	229	0.89	0.03	0.02	7.63	0.3	0.6	12.51	16.34	0.86	0.48	664	12.42	3.37	55.13	0.21	-0.98	128.7	12.65	0.46	-0.14	0.21	0.46	1.15
266	fg1_m13	0	3.31	6	1	0.0	0.0	0.5791741988709094	-2.1232595130816105	3.7145705049127162	-0.017347684047281278	-0.008678256124086806	1.7369999999999999	0.1701800221628542	235	2.06	0.04	0.02	7.42	0.29	0.65	2.02	4.74	0.96	0.48	653	12.62	4.61	55.46	-0.05	-0.92	128.88	13.41	0.4	-0.48	0.05	0.4	0.07
267	fg1_m13	0	3.41	6	1	0.0	0.0	0.5752976902438113	-2.185675814172481	3.90221503487016	-0.05414424562989329	-0.18262307259952495	1.8787	0.1293523472319619	240	1.58	0.04	0.02	6.64	0.31	0.63	16.97	25.65	0.96	0.77	655	12.41	2.93	56.62	-0.05	-1.02	129.81	12.44	0.62	0.24	0.05	0.62	-0.62
268	fg1_m13	0	8.38	6	1	0.0	0.0	0.5850377697007375	-2.3031268053601117	3.76649771490346	-0.11692346360340113	-0.20538362367777613	2.2	0.17018902416264853	245	1.44	0.03	0.02	8.13	0.44	0.58	1.67	3.01	0.68	0.48	788	36.52	4.64	76.75	0.04	-1.31	129.38	11.02	1.2	1.08	0.04	1.2	0.17
