Counter_x	Image	class label	Myr	Viewpoint	# Bulges	Sep	Flux Ratio	Gini	M20	Concentration (C)	Asymmetry (A)	Clumpiness (S)	Sersic N	Shape Asymmetry (A_S)	Counter_y	$\Delta$PA	v_asym	s_asym	resids	\lambdare	$\epsilon$	A	$A_2$	deltapos	deltapos2	nspax	re	$\mu_V$	$\sigma_{V}$	skewvel	$h_{4,V}$	$\mu_{\sigma}$	$\sigma_{\sigma}$	skewsig	$h_{4,\sigma}$	$|h_{3,V}|$	$|h_{3,\sigma}|$	random
0	fg3_m10_iso1_rotated	0	0.05	0	1	0.0	0.0	0.5150967673816995	-1.8865469228136795	2.98526195531198	-0.04623739071386805	-0.007468898631844805	1.3175	0.10149440563925237	0	1.62	0.02	0.05	11.18	0.7	0.3	4.13	9.95	1.09	0.48	764	13.83	4.73	84.91	0.01	-1.19	73.76	22.58	0.05	0.34	0.01	0.05	1.12
1	fg3_m10_iso1_rotated	0	0.29	0	1	0.0	0.0	0.5379798949289849	-1.8738781181934705	2.8904456626212753	-0.004630238763920006	0.002157895130595941	1.2182	0.1060041795434371	7	3.03	0.04	0.06	10.95	0.74	0.29	13.17	50.37	0.86	0.64	1256	15.13	6.47	88.56	-0.13	-1.24	62.98	21.57	0.64	0.79	0.13	0.64	-0.33
2	fg3_m10_iso1_rotated	0	0.59	0	1	0.0	0.0	0.5381657014708681	-1.891965713183392	2.8759387507219176	-0.012785455139039923	0.007186468985148891	1.2187	0.09600461600471796	12	0.43	0.03	0.05	11.24	0.73	0.31	5.37	15.34	0.86	0.64	764	13.92	0.64	87.8	-0.06	-1.22	70.83	20.96	0.31	0.52	0.06	0.31	-0.91
3	fg3_m10_iso1_rotated	0	0.88	0	1	0.0	0.0	0.4698783641358004	-1.8122023009242132	2.8388718726512097	0.005582261683037062	0.005417135523644419	1.1765	0.09718953963949499	19	1.14	0.02	0.05	11.55	0.74	0.37	4.4	13.09	0.86	0.48	764	13.91	5.88	87.63	0.02	-1.19	69.15	21.26	0.2	0.84	0.02	0.2	-0.04
4	fg3_m10_iso1_rotated	0	0.98	0	1	0.0	0.0	0.4960036079294286	-1.8045035883281229	2.7896375883251467	0.022447502334512846	0.010197209016432151	1.1151	0.12738810210438867	26	2.21	0.02	0.04	11.33	0.75	0.26	4.29	12.6	1.09	0.48	764	14.59	4.52	87.78	-0.0	-1.21	70.1	20.22	0.3	0.52	0.0	0.3	1.67
5	fg3_m10_iso1_rotated	0	1.17	0	1	0.0	0.0	0.4882674009136151	-1.7991422956385874	2.7934441249114164	-0.011593371495641094	0.004971580045981597	1.1169	0.07822904572449982	32	0.31	0.02	0.04	10.44	0.75	0.36	2.32	9.35	0.86	0.48	764	14.4	7.69	86.17	0.01	-1.21	67.61	20.67	0.38	0.83	0.01	0.38	0.58
6	fg3_m10_iso1_rotated	0	1.47	0	1	0.0	0.0	0.5062205701515945	-1.8268081856288887	2.790675986568953	-0.0008213224951534688	0.004638763361142993	1.0997	0.12832812288747875	39	2.75	0.03	0.04	9.82	0.76	0.34	7.59	34.51	1.09	0.48	1256	15.98	1.47	90.88	-0.02	-1.23	62.07	19.91	0.8	0.76	0.02	0.8	0.8
7	fg3_m10_iso1_rotated	0	1.76	0	1	0.0	0.0	0.4937349031161281	-1.8405245867612572	2.7927155196434748	-0.010294890010018884	0.008444307316181466	1.1363	0.12338460646899775	45	1.59	0.03	0.04	10.58	0.74	0.31	6.83	22.51	0.86	0.48	764	14.35	0.62	87.2	-0.07	-1.23	71.15	20.39	0.42	0.43	0.07	0.42	-0.8
8	fg3_m10_iso1_rotated	0	1.96	0	1	0.0	0.0	0.5140094526980777	-1.8429841002519176	2.780014171447128	-0.007907362332304014	0.00843603159885341	1.117	0.09342765205752628	52	0.32	0.02	0.04	10.38	0.74	0.3	3.3	10.03	1.09	0.48	764	14.55	7.56	86.24	0.01	-1.19	69.84	21.01	0.33	0.35	0.01	0.33	-0.14
9	fg3_m10_iso1_rotated	0	0.05	1	1	0.0	0.0	0.4882281983248761	-1.8299469608701475	2.946307374908046	-0.023365389453481943	-0.003480814388872858	1.1465	0.05146109043451212	1	1.14	0.02	0.05	11.25	0.78	0.51	3.6	20.75	0.68	0.48	1252	17.3	0.34	99.96	-0.06	-0.98	63.48	25.31	0.4	-0.3	0.06	0.4	0.13
10	fg3_m10_iso1_rotated	0	0.29	1	1	0.0	0.0	0.5230005245405662	-1.8077131688526962	2.859329188602993	0.00425245620932792	0.0010079026387296306	1.0562	0.05296197105538767	8	4.32	0.03	0.06	12.2	0.78	0.51	9.45	22.27	0.68	0.48	1249	16.59	0.48	101.82	-0.06	-1.01	63.59	22.94	0.5	0.48	0.06	0.5	0.41
11	fg3_m10_iso1_rotated	0	0.59	1	1	0.0	0.0	0.5139793646947712	-1.8231206954158965	2.8769728984598033	-0.0017773041654340262	-0.0005114171896300426	1.0596	0.06810796566799655	13	0.83	0.02	0.05	10.64	0.8	0.52	2.25	9.86	0.68	0.48	1236	16.65	5.48	102.83	0.0	-1.06	61.9	23.68	0.49	0.16	0.0	0.49	0.4
12	fg3_m10_iso1_rotated	0	0.88	1	1	0.0	0.0	0.5196994949066376	-1.7929074779162777	2.870346041566832	0.019164483111520667	0.007371479668882122	1.0478	0.08206237486961229	20	1.74	0.02	0.05	11.12	0.79	0.5	3.32	14.04	0.61	0.48	1179	16.18	1.83	105.09	-0.01	-1.1	62.77	23.57	0.34	0.1	0.01	0.34	-0.48
13	fg3_m10_iso1_rotated	0	0.98	1	1	0.0	0.0	0.476930611023887	-1.760597667796334	2.7711153565238558	0.017166395978031438	0.009898218325558336	0.9982	0.13199479825745275	27	0.22	0.03	0.05	11.29	0.79	0.49	12.09	31.27	0.61	0.48	1205	15.91	1.6	105.65	-0.08	-1.08	63.66	22.14	0.46	0.55	0.08	0.46	-0.32
14	fg3_m10_iso1_rotated	0	1.17	1	1	0.0	0.0	0.5080108588493774	-1.7893126971829176	2.829256827718817	-0.0058594005003743226	-0.0008045073286129305	1.0101	0.06765435844244368	33	0.6	0.04	0.06	15.7	0.79	0.52	10.32	15.57	0.68	0.77	1156	16.28	10.33	104.49	0.04	-1.13	64.28	21.79	0.65	0.32	0.04	0.65	-0.44
15	fg3_m10_iso1_rotated	0	1.47	1	1	0.0	0.0	0.4978448334514514	-1.8017937881816048	2.808839689142125	-0.015341023683694862	0.0006971346772526156	0.9977	0.07700521371529667	40	0.07	0.02	0.04	7.74	0.8	0.51	6.3	22.1	0.96	0.77	1219	17.02	2.33	103.51	-0.04	-1.04	62.62	22.55	0.53	0.08	0.04	0.53	-0.99
16	fg3_m10_iso1_rotated	0	1.76	1	1	0.0	0.0	0.4990440540186622	-1.83727366535786	2.8495875106237856	-0.005794606496593885	0.0014850813178937756	1.0343	0.06912697255651334	46	1.25	0.02	0.05	10.81	0.79	0.48	3.61	15.99	0.91	0.48	1200	17.18	0.82	103.83	-0.04	-1.09	64.52	21.9	0.71	0.58	0.04	0.71	-0.42
17	fg3_m10_iso1_rotated	0	1.96	1	1	0.0	0.0	0.4935998991535751	-1.8035094479568976	2.805386239503344	-0.010120413667576591	0.0035912579429492352	1.0007	0.0980948337636682	53	5.41	0.02	0.04	12.4	0.79	0.52	3.87	12.5	0.61	0.48	1176	16.93	3.97	104.67	-0.05	-1.09	66.48	19.79	0.95	0.78	0.05	0.95	-1.21
18	fg3_m10_iso1_rotated	0	0.05	2	1	0.0	0.0	0.511314657102319	-1.8445383373197264	2.915485389059814	-0.02157861453665909	0.00188178328119428	1.1463	0.059039073699569525	2	2.1	0.03	0.05	11.33	0.79	0.51	3.22	20.72	0.96	0.48	1253	17.71	2.1	99.2	-0.04	-0.98	61.83	25.66	0.47	-0.42	0.04	0.47	0.47
19	fg3_m10_iso1_rotated	0	0.29	2	1	0.0	0.0	0.517106048150481	-1.8409816319132872	2.8826736303054226	-0.016565418158773854	0.0030404185473165172	1.0418	0.06432952516994772	9	12.53	0.04	0.07	22.79	0.79	0.5	1.78	7.86	0.96	0.48	1236	16.54	7.0	102.58	0.03	-1.04	62.21	23.84	0.56	0.05	0.03	0.56	0.15
20	fg3_m10_iso1_rotated	0	0.59	2	1	0.0	0.0	0.5156094173828385	-1.8274078478869376	2.837083771183186	-0.005011975623488836	0.0049433010409867745	1.0252	0.07129145264505125	14	1.05	0.02	0.04	11.05	0.79	0.5	11.74	29.16	0.61	0.48	1214	16.18	1.73	105.28	-0.06	-1.06	63.65	23.99	0.17	0.24	0.06	0.17	0.23
21	fg3_m10_iso1_rotated	0	0.88	2	1	0.0	0.0	0.5124709259486222	-1.8521397110513216	2.8360445045387808	0.01713817128333572	0.0028457090389916733	1.0468	0.08628483126257737	21	0.21	0.02	0.04	6.57	0.79	0.5	2.53	13.76	0.91	0.77	1207	15.82	5.76	105.3	0.03	-1.09	62.45	22.91	0.65	0.24	0.03	0.65	-0.78
22	fg3_m10_iso1_rotated	0	0.98	2	1	0.0	0.0	0.4814876956331858	-1.8182107027041752	2.8273093401060216	0.0022868591750964604	0.009409411774975458	1.0008	0.10286581157891238	28	1.58	0.02	0.04	10.56	0.79	0.52	2.47	10.29	0.91	0.48	1214	16.69	6.33	103.42	0.01	-1.04	63.18	23.37	0.32	0.41	0.01	0.32	0.46
23	fg3_m10_iso1_rotated	0	1.17	2	1	0.0	0.0	0.4968112938255199	-1.7841180474837748	2.8252059973746	-0.02523449962452406	-0.0015606883510911687	1.0033	0.0760766800966298	34	1.5	0.02	0.05	10.82	0.79	0.51	4.32	20.06	0.68	0.48	1195	16.8	0.16	105.33	-0.05	-1.09	63.81	22.82	0.62	0.0	0.05	0.62	-0.64
24	fg3_m10_iso1_rotated	0	1.47	2	1	0.0	0.0	0.4833757214605259	-1.7990004782469964	2.81337618383523	0.002885267377585114	0.004740081093262485	0.9923	0.05535589873251618	41	0.72	0.03	0.04	11.1	0.79	0.51	4.01	16.24	0.68	0.48	1187	16.34	2.4	105.41	-0.01	-1.07	63.62	22.0	0.68	0.14	0.01	0.68	-1.09
25	fg3_m10_iso1_rotated	0	1.76	2	1	0.0	0.0	0.4856419942404968	-1.7816117062863532	2.835606225916924	-0.039879802803443665	0.004835474885744	0.9985	0.056297305990599726	47	0.07	0.02	0.04	11.15	0.78	0.52	2.99	11.06	0.96	0.48	1158	15.61	4.88	106.57	-0.02	-1.16	65.77	21.49	0.7	0.1	0.02	0.7	-0.61
26	fg3_m10_iso1_rotated	0	1.96	2	1	0.0	0.0	0.4940949642211186	-1.808092878694481	2.81957107107597	-0.029862021946524788	0.0006115612046448175	0.9984	0.09878176352720512	54	0.35	0.02	0.04	6.87	0.78	0.52	2.47	10.75	0.61	0.77	1153	16.28	1.25	106.2	-0.06	-1.14	67.07	20.52	0.83	0.57	0.06	0.83	-0.81
27	fg3_m10_iso1_rotated	0	0.05	3	1	0.0	0.0	0.4913143021096275	-1.8421006160507352	2.9557772695811053	-0.020214009304102443	0.0017065053303118706	1.1520000000000001	0.0626316961286678	3	2.07	0.02	0.04	11.0	0.78	0.53	6.96	20.38	0.68	0.48	1250	17.37	0.25	100.74	-0.04	-0.99	62.87	24.69	0.48	-0.36	0.04	0.48	1.61
28	fg3_m10_iso1_rotated	0	0.29	3	1	0.0	0.0	0.5208417792421239	-1.8242347402795456	2.8717470120483672	-0.002281942371315311	0.0024502589725598303	1.0358	0.05942034957744489	10	8.69	0.04	0.05	18.26	0.78	0.51	3.39	14.92	0.68	0.48	1222	16.23	4.17	102.06	-0.05	-1.02	60.74	24.26	0.49	-0.15	0.05	0.49	-0.37
29	fg3_m10_iso1_rotated	0	0.59	3	1	0.0	0.0	0.5216106583858933	-1.850696570434588	2.8501631844901967	0.011743849155101035	0.00473646891000421	1.0547	0.08279923875763197	15	8.72	0.05	0.07	23.07	0.79	0.5	6.15	19.41	1.09	0.21	1211	16.73	0.26	103.23	-0.03	-1.05	62.02	24.01	0.51	-0.18	0.03	0.51	1.02
30	fg3_m10_iso1_rotated	0	0.88	3	1	0.0	0.0	0.521601009487383	-1.8687324870301527	2.9187272779527347	0.0005604753338851726	0.0017811404651261102	1.0761	0.10066580541537597	22	10.07	0.05	0.07	18.82	0.79	0.5	9.15	27.94	1.09	0.48	1192	16.68	1.24	105.5	0.02	-1.1	63.22	23.56	0.36	0.23	0.02	0.36	0.25
32	fg3_m10_iso1_rotated	0	1.17	3	1	0.0	0.0	0.5071565515496443	-1.8355022011296684	2.8308863453646964	0.006607359746712178	0.0009438223857716613	0.9809	0.05645079447105405	35	0.13	0.02	0.03	7.22	0.79	0.52	10.52	22.97	0.68	0.77	1184	15.99	1.84	105.9	-0.06	-1.09	63.34	22.29	0.62	0.26	0.06	0.62	0.17
34	fg3_m10_iso1_rotated	0	1.76	3	1	0.0	0.0	0.4909713499653978	-1.7942403729661969	2.7756042653871744	-0.01649200702154296	0.003489940751914829	0.9907	0.08979961999844709	48	0.53	0.02	0.04	10.62	0.79	0.53	2.89	15.07	0.68	0.48	1145	17.28	0.71	105.83	-0.03	-1.09	65.63	21.33	0.6	0.5	0.03	0.6	-1.9
35	fg3_m10_iso1_rotated	0	1.96	3	1	0.0	0.0	0.4893722008462287	-1.7793248436470828	2.811621142052241	0.004709064680142107	0.006211493084427429	0.9941	0.10116521551670353	55	3.1	0.02	0.03	7.2	0.78	0.55	3.11	9.43	0.91	0.77	1166	16.38	1.52	105.74	0.01	-1.12	65.76	20.69	0.6	0.49	0.01	0.6	0.98
36	fg3_m10_iso1_rotated	0	0.05	4	1	0.0	0.0	0.5340816351574698	-1.925077068236398	2.983354970812812	-0.04478016772540102	-0.02449926803342916	1.4491	0.06878261628737	4	43.19	0.08	0.05	7.89	0.27	0.05	42.45	50.34	0.68	0.48	764	12.47	5.55	23.79	-0.04	-0.84	69.95	21.09	-0.18	0.13	0.04	0.18	0.66
38	fg3_m10_iso1_rotated	0	0.59	4	1	0.0	0.0	0.4975247585961263	-1.8808048608213281	2.8868894893753065	-0.013175393697020877	0.007908654666434286	1.3408	0.07610724435280174	16	79.1	0.09	0.05	6.87	0.32	-0.02	7.24	10.75	0.68	0.48	764	12.61	2.38	23.44	-0.09	-1.01	60.25	18.85	-0.29	0.31	0.09	0.29	-0.38
39	fg3_m10_iso1_rotated	0	0.88	4	1	0.0	0.0	0.4890482330821994	-1.8685298898034148	2.8864022445527	0.0005674336364187199	0.006446555894984469	1.3272	0.102019722497883	23	66.38	0.06	0.05	5.98	0.31	0.03	16.59	26.33	0.86	0.48	764	12.28	3.35	23.26	-0.02	-1.07	61.0	17.35	-0.35	0.26	0.02	0.35	0.8
40	fg3_m10_iso1_rotated	0	0.98	4	1	0.0	0.0	0.5157133283197698	-1.8610651636207276	2.8561216459563186	0.012673397494070213	0.005754446182199044	1.2376	0.0979518835427148	29	12.92	0.06	0.04	6.13	0.33	-0.05	17.75	19.61	0.68	0.48	764	12.56	6.15	23.2	-0.04	-1.02	59.77	17.54	-0.23	1.11	0.04	0.23	0.54
41	fg3_m10_iso1_rotated	0	1.17	4	1	0.0	0.0	0.4970112791456801	-1.8452032479360925	2.8214031378418434	-0.031083560499389287	0.001793116021843552	1.2587	0.07039293513434271	36	33.24	0.08	0.06	7.11	0.33	0.09	25.23	28.65	0.68	0.48	764	12.96	3.6	23.03	-0.09	-1.04	59.35	16.96	-0.29	0.69	0.09	0.29	0.7
42	fg3_m10_iso1_rotated	0	1.47	4	1	0.0	0.0	0.5103992104842332	-1.8506899969538864	2.811207183067457	-0.006926149014132164	-0.0027178076550187363	1.2175	0.11799153578401203	42	12.2	0.08	0.05	6.71	0.32	0.12	16.57	23.08	0.96	0.48	764	13.29	5.12	21.79	0.1	-0.95	59.88	17.88	-0.37	0.57	0.1	0.37	-0.74
43	fg3_m10_iso1_rotated	0	1.76	4	1	0.0	0.0	0.5146567828189225	-1.843215960474897	2.8223364708490033	-0.017460567038123133	-0.005486052192124412	1.2823	0.09706902236399907	49	59.13	0.07	0.06	5.97	0.32	0.18	15.17	26.34	0.68	0.48	764	14.11	3.37	22.42	-0.07	-1.19	62.46	16.25	0.12	0.52	0.07	0.12	0.5
44	fg3_m10_iso1_rotated	0	1.96	4	1	0.0	0.0	0.5098286199648782	-1.832404692044168	2.7694164312246814	-0.06096145878528299	-0.033046749132500615	1.2779	0.07642551546822936	56	70.11	0.08	0.06	7.07	0.31	0.04	11.01	10.66	0.68	0.48	764	12.96	5.03	22.28	0.02	-1.08	63.67	16.2	0.27	0.12	0.02	0.27	2.93
45	fg3_m10_iso1_rotated	0	0.05	5	1	0.0	0.0	0.5209705729184994	-1.9072841528482458	2.9916772767820365	-0.060314229164341225	-0.023602850096212196	1.4579	0.04885311074395925	5	22.77	0.08	0.05	7.92	0.3	0.08	18.01	27.37	0.68	0.48	764	12.72	5.05	24.95	0.03	-0.91	68.38	20.89	-0.17	0.35	0.03	0.17	-0.27
47	fg3_m10_iso1_rotated	0	0.59	5	1	0.0	0.0	0.5199199951892813	-1.899254242889877	2.8920636406290567	-0.024239286012977267	-0.006546284202255884	1.3431	0.11298540953462707	17	20.19	0.07	0.05	6.69	0.33	-0.03	17.77	32.64	0.68	0.48	764	12.62	2.38	24.42	0.02	-1.03	60.02	18.91	-0.33	0.37	0.02	0.33	0.78
48	fg3_m10_iso1_rotated	0	0.88	5	1	0.0	0.0	0.4910598871136178	-1.8671733982754743	2.8708747067426033	8.541211288008644e-05	0.001139752998781859	1.3228	0.10723234127199208	24	55.81	0.06	0.05	6.36	0.32	0.02	26.17	37.76	0.68	0.48	764	12.25	3.32	24.59	-0.05	-1.12	60.59	17.67	-0.25	0.84	0.05	0.25	-1.63
49	fg3_m10_iso1_rotated	0	0.98	5	1	0.0	0.0	0.5108337901718322	-1.85864482418815	2.8574462099377254	0.02243339963404665	0.01161522545838346	1.2385	0.11409770080957896	30	23.35	0.07	0.05	6.05	0.34	0.09	15.97	22.51	0.86	0.48	764	12.83	5.46	23.51	-0.06	-1.13	59.68	17.51	-0.12	0.4	0.06	0.12	0.23
50	fg3_m10_iso1_rotated	0	1.17	5	1	0.0	0.0	0.5010909719879484	-1.8501229244812811	2.820554891635471	-0.01734792279525924	-0.0032646293856393683	1.2543	0.08959465569307888	37	11.39	0.06	0.04	5.68	0.35	0.05	17.11	25.73	0.96	0.77	764	13.22	3.44	23.92	0.03	-1.15	59.97	16.61	-0.21	0.48	0.03	0.21	-1.07
51	fg3_m10_iso1_rotated	0	1.47	5	1	0.0	0.0	0.523177746237002	-1.8598053312336984	2.8176008556190033	-0.00807789030081208	-0.002420035483512009	1.22	0.09669320584548596	43	62.19	0.06	0.04	6.02	0.36	0.08	18.24	30.81	0.86	0.48	764	13.2	5.07	24.93	0.06	-1.2	59.78	17.82	-0.17	0.43	0.06	0.17	0.37
52	fg3_m10_iso1_rotated	0	1.76	5	1	0.0	0.0	0.5115750782310525	-1.848998965893824	2.8327114782706184	-0.023436129091469138	-0.0053673945108549575	1.298	0.09951456837897477	50	60.15	0.07	0.04	5.73	0.34	0.16	14.71	21.07	0.96	0.48	764	11.78	5.96	24.5	0.1	-1.16	61.79	16.05	0.18	0.24	0.1	0.18	-0.4
53	fg3_m10_iso1_rotated	0	1.96	5	1	0.0	0.0	0.5145942028716624	-1.8358767298813883	2.7632370709493266	-0.01858702380509325	-0.054528602105446335	1.261	0.13443986275584438	57	12.11	0.06	0.05	6.03	0.33	0.06	24.02	29.44	0.68	0.64	764	13.26	5.7	23.98	-0.02	-1.14	62.12	16.2	0.39	0.26	0.02	0.39	-0.43
54	fg3_m10_iso1_rotated	0	0.05	6	1	0.0	0.0	0.5362767430773936	-1.9265075223717052	2.9935905155653373	-0.07451680111005972	-0.04751883225258149	1.4622	0.07760182180198295	6	76.89	0.1	0.08	9.2	0.28	0.05	33.5	30.31	0.86	0.48	764	12.54	2.9	24.33	-0.07	-0.86	69.61	20.56	-0.1	0.12	0.07	0.1	-1.41
55	fg3_m10_iso1_rotated	0	0.29	6	1	0.0	0.0	0.5431581152510595	-1.9041641361356676	2.9282737285783806	-0.04061866242879021	-0.0219458531125581	1.3778	0.13725303836562375	11	21.56	0.07	0.06	6.95	0.33	0.02	15.48	15.96	0.68	0.77	764	12.68	1.66	24.52	-0.07	-1.08	61.42	19.68	-0.34	0.55	0.07	0.34	1.12
56	fg3_m10_iso1_rotated	0	0.59	6	1	0.0	0.0	0.4992478443532004	-1.8789843126775136	2.873829440415561	-0.01646433744702996	-0.0004749678543658584	1.3332	0.08928068197832215	18	8.65	0.07	0.04	6.5	0.35	0.07	15.59	20.93	0.68	0.48	764	12.77	3.08	25.19	0.01	-1.06	60.53	19.68	-0.2	0.47	0.01	0.2	-0.14
57	fg3_m10_iso1_rotated	0	0.88	6	1	0.0	0.0	0.4883575683762042	-1.867185539751667	2.87292702127029	0.0071622747482291095	0.003229271842578818	1.3177	0.10217743520265976	25	13.71	0.08	0.05	6.4	0.35	0.03	28.46	41.37	0.68	0.48	764	12.45	0.65	25.36	-0.11	-1.12	59.19	17.74	-0.42	0.85	0.11	0.42	-1.1
58	fg3_m10_iso1_rotated	0	0.98	6	1	0.0	0.0	0.5097799071186833	-1.8551482137435331	2.8546690035182323	0.009145948689614698	0.009904161996910391	1.2221	0.15974528015407982	31	53.38	0.06	0.07	9.05	0.37	0.07	4.05	7.08	0.96	0.21	764	12.44	8.48	25.51	0.16	-1.08	60.63	17.23	-0.36	0.58	0.16	0.36	-1.29
59	fg3_m10_iso1_rotated	0	1.17	6	1	0.0	0.0	0.5036490552146509	-1.8503829847671516	2.822850706836461	0.02211903357510091	0.0025052306717412197	1.2595	0.08982843104754343	38	3.57	0.06	0.04	5.74	0.36	-0.02	13.12	18.76	0.86	0.77	764	12.94	2.45	25.4	-0.01	-1.2	59.19	17.51	-0.42	0.65	0.01	0.42	1.09
60	fg3_m10_iso1_rotated	0	1.47	6	1	0.0	0.0	0.5326432754494568	-1.8667820826564825	2.8250675712823368	0.0028172446180772764	-0.0010884706199635725	1.2186	0.15239079340962688	44	47.44	0.07	0.05	6.5	0.35	0.04	19.7	23.36	0.68	0.64	764	13.06	2.92	25.25	-0.07	-1.14	60.22	17.29	-0.15	0.54	0.07	0.15	-0.24
61	fg3_m10_iso1_rotated	0	1.76	6	1	0.0	0.0	0.5129790724376528	-1.8479891354883293	2.7975348972554963	-0.02390563682101892	-0.022446658299722696	1.2603	0.11375871299018127	51	17.03	0.07	0.05	6.33	0.35	0.22	17.87	23.94	0.68	0.48	764	14.24	2.69	24.56	-0.05	-1.0	62.01	16.08	0.18	0.28	0.05	0.18	-0.36
62	fg3_m10_iso1_rotated	0	1.96	6	1	0.0	0.0	0.5029447274961081	-1.830954825436271	2.8058852389544504	-0.0104133486407359	-0.015805629123693897	1.2884	0.11510668594489964	58	67.84	0.06	0.05	6.33	0.34	0.04	10.55	19.81	0.86	0.48	764	13.15	3.48	24.42	-0.02	-1.18	62.64	15.58	0.2	0.48	0.02	0.2	1.05
0	fg3_m15	0	0.05	0	1	0.0	0.0	0.5245978344856145	-1.9055536607849466	2.9833091037207176	-0.06100665445698916	-0.031651321210718064	1.4340000000000002	0.08062691582339683	0	2.19	0.03	0.06	9.43	0.55	0.13	4.23	13.17	0.68	0.48	764	12.83	0.81	63.86	-0.07	-1.24	74.89	22.38	0.08	0.07	0.07	0.08	0.11
1	fg3_m15	1	0.59	0	1	0.0	0.0	0.5637949905741747	-1.7733342873626259	3.0436832947300427	0.12466582912080786	0.07563950496389707	0.9249	0.35733443775556617	7	23.19	0.06	0.06	11.68	0.61	0.36	19.71	49.03	0.68	0.48	1151	17.8	1.25	63.67	-0.09	-1.31	67.13	22.48	0.44	0.67	0.09	0.44	0.04
2	fg3_m15	1	0.88	0	1	0.0	0.0	0.5021140901138971	-1.9242481143506769	2.9913642026491982	0.014179553905618338	0.02874630211788158	1.3811	0.14987152617885888	14	62.35	0.03	0.04	8.73	0.58	-0.31	3.71	8.56	0.96	0.48	764	12.68	2.57	62.96	-0.02	-1.3	72.44	20.39	0.16	0.15	0.02	0.16	0.02
3	fg3_m15	1	1.17	0	1	0.0	0.0	0.541763981080664	-1.9457909067124837	3.0806522952150233	0.08457506505067125	0.009190106292339977	1.4479	0.23884588003454085	21	2.95	0.05	0.06	9.74	0.59	0.12	6.78	14.37	0.96	0.77	764	11.62	17.98	62.74	0.22	-1.27	71.21	21.54	0.02	-0.2	0.22	0.02	-0.36
4	fg3_m15	1	1.47	0	1	0.0	0.0	0.5250525490003557	-1.9429451945707052	3.033759058734751	0.046203569100222684	0.008458276474598823	1.4644	0.13352952897861958	28	2.51	0.04	0.04	8.74	0.58	0.18	3.52	8.09	0.68	0.48	764	11.59	3.86	65.01	-0.02	-1.32	71.46	19.49	0.23	0.02	0.02	0.23	0.4
5	fg3_m15	1	1.76	0	1	0.0	0.0	0.5179596568724154	-1.9458807530812419	3.0951434135553715	-0.0065542842728978975	0.0030158422258682433	1.4976	0.13780758705940946	35	22.86	0.04	0.05	8.47	0.6	0.27	3.08	6.82	0.68	0.48	764	13.05	2.81	63.54	-0.06	-1.32	71.19	20.02	0.37	0.3	0.06	0.37	0.25
6	fg3_m15	1	2.05	0	1	0.0	0.0	0.5312165036112185	-1.9649835616157407	3.1039393686604737	0.005586654350054271	0.008116692707180533	1.5652	0.1258765355215505	42	15.99	0.03	0.05	8.69	0.57	0.18	3.85	7.92	0.96	0.48	764	12.35	0.5	63.07	-0.06	-1.32	72.47	20.28	0.35	0.35	0.06	0.35	-0.49
7	fg3_m15	1	2.35	0	1	0.0	0.0	0.4838274903724614	-1.9588477598830467	3.0448595408230665	0.009071784098516531	0.0029384499063146393	1.5941	0.128980455539883	49	26.22	0.03	0.04	8.18	0.56	0.18	3.96	7.84	1.09	0.48	764	11.38	3.33	62.49	-0.03	-1.35	72.42	20.07	0.68	0.17	0.03	0.68	-1.1
8	fg3_m15	1	2.64	0	2	3.3749726590662186	2.2765647132374056	0.5167219580242466	-1.4855438822215	2.7303049114480284	0.4439340229628537	0.0206754465742636	1.3994	0.4494409495581764	56	24.61	0.05	0.07	11.78	0.54	0.14	3.66	6.0	1.09	0.48	739	11.51	6.87	71.05	0.24	-1.16	86.18	24.51	0.43	-0.58	0.24	0.43	-1.68
9	fg3_m15	1	2.93	0	1	0.0	0.0	0.5942831759090134	-1.9930038264957128	3.3520419100137078	0.07336185494392355	-0.00228620172157056	1.6391	0.3611976605042307	63	34.33	0.04	0.06	10.4	0.59	0.18	7.41	25.76	0.68	0.48	764	11.81	8.31	73.17	-0.02	-1.25	82.46	21.15	0.45	0.02	0.02	0.45	0.59
10	fg3_m15	1	3.13	0	2	7.737827608178482	11.662724050819648	0.5738032943071473	-0.8403930874692662	3.6734074101183367	0.18218068354403355	0.012981364647502365	1.6447	0.3633938453994646	70	1.09	0.04	0.05	12.16	0.57	0.2	11.21	20.1	0.68	0.48	368	11.03	2.64	70.98	-0.06	-1.27	95.31	20.31	0.19	-0.2	0.06	0.19	1.11
11	fg3_m15	1	3.32	0	1	0.0	0.0	0.5753772421904513	-1.2552111660525584	3.365234125373276	0.055524413316819184	-0.047006594413503286	1.9413	0.6160148006650488	77	13.67	0.04	0.04	10.7	0.53	0.33	17.47	30.36	0.86	0.64	764	12.52	1.89	65.09	-0.14	-1.28	91.86	18.36	0.68	0.59	0.14	0.68	1.08
12	fg3_m15	1	3.52	0	1	0.0	0.0	0.5982823173243013	-2.0736698908657463	3.355149238401597	0.0024694613452981608	-0.04683114431710751	1.7838	0.4505458277151808	84	1.72	0.04	0.03	9.12	0.49	0.32	9.76	16.28	0.86	0.77	764	12.12	5.27	62.76	-0.08	-1.16	94.89	19.97	0.59	-0.38	0.08	0.59	-0.82
13	fg3_m15	1	3.72	0	1	0.0	0.0	0.5628908933523059	-2.0070905959898937	3.3182135301789355	0.003628699980538029	-0.04595848295076759	1.879	0.3838042509600828	91	10.52	0.03	0.03	9.29	0.5	0.29	3.45	11.08	0.68	0.48	764	11.71	6.8	64.33	-0.02	-1.27	94.03	19.24	0.69	0.05	0.02	0.69	0.79
14	fg3_m15	1	3.91	0	1	0.0	0.0	0.5683647059014478	-2.0325306239492105	3.4089886211421336	-0.018686120756447586	-0.055836864336990914	1.7962	0.34679034114556856	98	1.03	0.05	0.05	12.68	0.48	0.16	14.36	20.14	0.86	0.64	368	11.21	3.46	61.42	-0.13	-1.2	106.55	19.28	0.11	-0.82	0.13	0.11	1.48
15	fg3_m15	1	4.11	0	1	0.0	0.0	0.5572288984923133	-1.999601774101364	3.1772846021417243	-0.05829216356239553	-0.05749923748451796	1.6841	0.16412540041359788	105	20.51	0.03	0.03	11.53	0.5	0.12	9.38	11.21	0.68	0.48	368	10.87	7.71	63.38	0.02	-1.22	105.87	19.41	0.11	-0.67	0.02	0.11	1.03
16	fg3_m15	0	4.29	0	1	0.0	0.0	0.6081956823059768	-2.1271999137355126	3.35963452622742	-0.07630045602237137	-0.050985326969716915	1.8122	0.24391304688063686	112	9.33	0.03	0.03	9.23	0.5	0.28	6.87	22.33	0.86	0.48	764	11.44	5.33	65.96	-0.0	-1.29	92.5	18.65	0.88	0.23	0.0	0.88	1.13
17	fg3_m15	0	4.49	0	1	0.0	0.0	0.5954732854430862	-2.0760465453955246	3.288281835544871	-0.059292048480413875	-0.08203477125862223	1.7487	0.15603807411239454	119	8.92	0.04	0.03	10.95	0.48	0.22	4.01	9.89	0.86	0.48	368	10.27	5.55	62.21	-0.0	-1.26	104.42	18.94	0.18	-0.44	0.0	0.18	-0.71
18	fg3_m15	0	4.68	0	1	0.0	0.0	0.5838669885275399	-2.0543055630504243	3.2373291119991525	-0.020875739718070517	-0.06279764204567725	1.7162	0.293530137309221	126	9.0	0.04	0.04	12.4	0.5	0.15	6.34	13.66	0.68	0.48	368	10.66	0.77	63.38	-0.06	-1.31	104.97	18.77	0.26	-0.41	0.06	0.26	1.72
19	fg3_m15	0	4.88	0	1	0.0	0.0	0.58722041477493	-2.0621765527924363	3.2919020334872284	-0.09095434050894444	-0.062401332523317116	1.7083	0.3084093997268705	133	8.64	0.04	0.04	12.27	0.49	0.29	8.52	15.48	0.68	0.48	368	11.29	1.09	62.43	-0.07	-1.25	105.84	19.17	0.08	-0.33	0.07	0.08	0.38
20	fg3_m15	0	0.05	1	1	0.0	0.0	0.5987360721077996	-1.728403960469746	3.3921222877588804	0.04068949812332616	0.04777853831860545	0.6505	0.07496302662080298	1	5.38	0.07	0.07	11.9	0.82	0.84	5.61	3.38	0.86	0.48	866	22.09	49.23	118.51	-0.0	-1.49	65.26	17.33	-0.04	0.59	0.0	0.04	-0.32
21	fg3_m15	1	0.59	1	1	0.0	0.0	0.5992847041379338	-1.8756380106319952	3.7062257734846775	0.056814095989078266	0.10430848411411572	0.7161	0.29286570789452865	8	2.26	0.05	0.06	13.51	0.77	0.86	1.88	1.18	0.86	0.48	850	22.59	14.53	123.13	0.01	-1.54	85.53	21.06	0.15	-0.15	0.01	0.15	-0.48
22	fg3_m15	1	0.88	1	1	0.0	0.0	0.5306889905666965	-1.5878583732542864	3.1556339459288045	0.03375878400930118	0.041193891380135135	0.6925	0.2831370258683201	15	2.16	0.03	0.05	11.55	0.75	0.76	6.48	5.29	1.09	0.48	834	18.52	6.45	119.72	-0.02	-1.46	79.73	18.63	0.08	-0.12	0.02	0.08	0.76
23	fg3_m15	1	1.17	1	1	0.0	0.0	0.6029046982252274	-1.813289222173753	3.223611114694584	0.005832463440133901	0.02689530775980129	0.8233	0.19434152873043534	22	0.47	0.05	0.06	11.59	0.75	0.78	18.75	2.86	0.86	0.48	824	18.39	10.53	123.24	0.05	-1.43	82.67	17.85	0.15	-0.33	0.05	0.15	-1.97
24	fg3_m15	1	1.47	1	1	0.0	0.0	0.5309749249256084	-1.715053000270968	3.2368901283858764	-0.007180308020011794	0.033000181728653884	0.8041	0.11969800306795304	29	2.67	0.04	0.05	13.56	0.75	0.77	4.0	5.77	0.86	0.48	657	17.95	0.29	114.32	-0.12	-1.35	84.32	18.13	0.22	-0.25	0.12	0.22	1.59
25	fg3_m15	1	1.76	1	1	0.0	0.0	0.5345805805093226	-1.838267095203945	3.2790304479679326	-0.0241484329586203	0.02647827792844392	0.8397	0.10208437483453388	36	3.22	0.05	0.05	13.68	0.75	0.77	5.78	7.23	0.68	0.48	834	18.63	4.59	124.44	-0.03	-1.47	82.73	18.78	0.43	-0.17	0.03	0.43	-0.71
26	fg3_m15	1	2.05	1	1	0.0	0.0	0.5275323861404932	-1.8048011531071293	3.255959581250892	-0.07148171321075629	0.0030078084893488607	0.8736	0.11310746169526435	43	0.09	0.03	0.05	11.31	0.75	0.76	4.53	7.96	1.09	0.48	687	17.88	3.81	112.94	-0.07	-1.36	83.92	17.96	0.52	0.07	0.07	0.52	0.39
27	fg3_m15	1	2.35	1	1	0.0	0.0	0.5431631431003766	-1.822827844479992	3.2473792451040726	-0.06890207970260759	0.005049815650346793	0.8258	0.12007963453703467	50	2.47	0.03	0.05	10.24	0.76	0.78	6.08	6.19	0.96	0.48	788	18.45	8.08	126.47	-0.08	-1.47	81.93	19.46	0.49	0.08	0.08	0.49	1.98
28	fg3_m15	1	2.64	1	2	13.573654603270613	4.091099103017081	0.4951774178823358	-1.4290591637912178	2.7697155452541677	0.2897958507608768	0.010253906741207184	0.8588	0.2489292287791567	57	3.1	0.04	0.06	16.29	0.7	0.57	10.28	15.68	1.36	0.48	637	13.87	24.1	111.58	0.0	-1.15	100.67	22.19	-0.09	0.2	0.0	0.09	-0.41
29	fg3_m15	1	2.93	1	1	0.0	0.0	0.5802504158096217	-1.8216624202663516	3.222468825734518	0.08423639736988947	0.0009249790357156448	1.2881	0.3340943167838012	64	0.42	0.03	0.04	12.56	0.68	0.59	15.43	8.92	0.68	0.48	681	13.98	17.59	97.97	-0.11	-1.06	92.33	21.7	0.4	-0.09	0.11	0.4	0.05
30	fg3_m15	1	3.13	1	2	7.840754994489457	9.235916544727443	0.5439735711941561	-0.8311091999746854	3.590791184569448	0.10477603622498816	0.024619730729548147	1.2874	0.31938006745864345	71	3.25	0.02	0.03	8.08	0.65	0.64	25.24	35.12	0.96	0.77	662	13.35	5.55	100.4	0.03	-1.08	96.11	19.97	0.54	-0.18	0.03	0.54	-1.89
31	fg3_m15	1	3.32	1	2	5.497496564093728	9.118428562231356	0.5428224497552752	-1.4370895750472452	3.4619505773206254	0.11207701884995748	0.019115196933584044	1.3156	0.22411887764880029	78	1.96	0.03	0.03	12.19	0.68	0.65	10.33	16.16	0.3	0.48	1020	19.41	2.18	106.55	0.0	-1.44	101.29	23.06	0.84	0.54	0.0	0.84	-0.04
32	fg3_m15	1	3.52	1	1	0.0	0.0	0.5501597231273673	-1.923444147764292	3.3243852366041304	0.04998525339681605	0.012089204569422243	1.2541	0.19702608918748293	85	0.6	0.05	0.04	12.09	0.6	0.65	24.5	33.64	0.86	0.48	897	15.48	6.55	98.53	-0.01	-1.22	104.48	21.4	0.64	-0.26	0.01	0.64	1.17
33	fg3_m15	1	3.72	1	1	0.0	0.0	0.5450662689044509	-1.9317751595432868	3.396133253340598	0.035374217225999816	-0.0038862488148912783	1.4138	0.29506576114744565	92	1.15	0.03	0.03	9.1	0.61	0.64	7.78	19.19	0.61	0.77	882	15.29	5.52	102.27	-0.06	-1.29	104.11	19.68	0.88	0.19	0.06	0.88	0.66
34	fg3_m15	1	3.91	1	1	0.0	0.0	0.5382981788212486	-1.8937658314280936	3.429089696965205	-0.024823679148619025	-0.003583243359465975	1.3696	0.19201789270566727	99	1.49	0.03	0.03	12.82	0.6	0.62	11.14	21.99	0.61	0.48	659	13.85	12.99	92.67	0.04	-1.06	108.85	20.22	0.6	-0.28	0.04	0.6	-0.51
35	fg3_m15	1	4.11	1	1	0.0	0.0	0.5669369926228983	-1.9182873606534128	3.2203040176424533	-0.010626546690730937	0.00596362964676519	1.3156	0.12815463211186176	106	1.98	0.03	0.03	12.49	0.58	0.64	8.13	19.37	0.68	0.48	647	13.08	0.07	95.56	-0.04	-1.1	110.11	19.76	0.48	-0.4	0.04	0.48	-0.33
36	fg3_m15	0	4.29	1	1	0.0	0.0	0.5704021523639998	-1.9444521923880058	3.4025667220657425	-0.018660807017598903	-0.0013585340666883966	1.3422	0.1831435878240589	113	2.14	0.02	0.02	7.76	0.62	0.66	21.33	32.45	0.96	0.77	640	13.86	12.04	96.17	0.03	-1.09	108.71	18.47	0.71	-0.17	0.03	0.71	-0.4
37	fg3_m15	0	4.49	1	1	0.0	0.0	0.5559073737582488	-1.953642659153688	3.4307005153583363	-0.09539759176935697	-0.005684274341720638	1.354	0.10158571946356558	120	0.4	0.02	0.02	6.8	0.61	0.65	9.97	17.96	0.68	0.77	650	13.59	17.25	94.03	-0.02	-1.08	107.49	19.4	0.57	-0.29	0.02	0.57	-0.15
38	fg3_m15	0	4.68	1	1	0.0	0.0	0.5675246759058763	-1.9492102714733872	3.2513861821040866	-0.020507967804598303	0.005741923882514975	1.3546	0.09217381209150388	127	0.76	0.03	0.03	13.04	0.6	0.63	11.3	23.16	0.96	0.48	648	13.45	5.47	96.02	-0.01	-1.09	108.53	19.3	0.6	-0.16	0.01	0.6	0.63
39	fg3_m15	0	4.88	1	1	0.0	0.0	0.5449936762312793	-1.9535568626209727	3.3307861873799234	-0.040525484850367055	-0.00564433948386316	1.3373	0.2008756461193871	134	0.91	0.03	0.04	12.32	0.62	0.64	25.34	35.56	0.68	0.48	636	13.76	10.71	95.01	-0.05	-1.09	106.5	19.91	0.78	-0.14	0.05	0.78	-0.61
40	fg3_m15	0	0.05	2	1	0.0	0.0	0.5769173096855433	-1.7402203562829714	3.3754974391779595	-0.0159880467981954	0.0229035585245322	0.6928	0.10167872807566183	2	1.19	0.06	0.06	13.5	0.79	0.83	20.81	18.89	0.91	0.77	947	23.08	7.97	118.81	-0.01	-1.47	66.29	20.04	-0.27	0.05	0.01	0.27	2.18
41	fg3_m15	1	0.59	2	1	0.0	0.0	0.6012100590041397	-1.3335862557080629	2.2762430359172034	0.13331233514621166	0.012292915897303159	0.5841	0.5727040416273721	9	0.24	0.04	0.07	21.85	0.68	0.63	10.31	10.17	1.09	0.48	606	12.8	35.62	109.22	0.04	-0.92	92.36	20.51	-0.49	2.94	0.04	0.49	1.13
42	fg3_m15	1	0.88	2	1	0.0	0.0	0.5982166993143879	-1.7921229019224842	2.8188996702457416	0.05090287321525982	0.014474553793049676	0.8078	0.2225575078936476	16	5.0	0.05	0.05	14.34	0.71	0.72	22.69	31.99	0.68	0.77	773	15.34	6.1	113.29	0.01	-1.27	84.35	18.55	0.33	-0.05	0.01	0.33	0.34
43	fg3_m15	1	1.17	2	1	0.0	0.0	0.5001781360499304	-1.7529540079426638	3.0269371108811653	0.027331225690609886	0.01075111591149487	0.8731	0.21130182348600132	23	1.05	0.04	0.05	15.79	0.7	0.64	10.37	15.93	0.68	1.07	857	15.83	2.77	113.1	-0.01	-1.24	82.98	19.34	0.51	-0.09	0.01	0.51	-0.06
44	fg3_m15	1	1.47	2	1	0.0	0.0	0.5096843451831704	-1.7918110988513485	3.0725757320042213	-3.792080984150815e-05	0.006116067184406197	0.8687	0.13880264573198242	30	0.16	0.03	0.04	13.68	0.73	0.7	13.71	14.56	1.09	0.48	785	15.95	7.03	116.43	0.0	-1.34	80.94	21.5	0.37	0.1	0.0	0.37	0.37
45	fg3_m15	1	1.76	2	1	0.0	0.0	0.5197447257049621	-1.8173795253375091	3.1150546188211985	-0.04816086235165218	-0.001864341426442295	0.9743	0.17945620609190613	37	0.44	0.03	0.05	9.8	0.71	0.71	8.12	13.24	0.68	0.77	629	14.51	11.15	102.84	-0.1	-1.15	85.75	19.86	0.42	-0.27	0.1	0.42	-0.53
46	fg3_m15	1	2.05	2	1	0.0	0.0	0.5205650112881429	-1.862472900076245	3.172834317319988	0.02256263418307961	0.005837853440821599	1.0416	0.15084858100894727	44	0.96	0.03	0.05	10.01	0.69	0.68	7.71	11.76	0.68	0.77	836	14.83	0.83	113.98	-0.03	-1.34	82.46	21.16	0.7	0.14	0.03	0.7	-0.48
47	fg3_m15	1	2.35	2	1	0.0	0.0	0.4732256095685457	-1.8410130344333209	3.113066976021888	-0.05378679872787548	-0.0001141116564742035	0.9808	0.14028664531287197	51	1.35	0.02	0.04	14.04	0.72	0.66	1.26	2.8	0.68	0.48	818	15.9	1.08	114.91	0.01	-1.33	81.56	20.5	0.58	0.01	0.01	0.58	1.55
48	fg3_m15	1	2.64	2	2	3.9695292115550624	2.7863777916903256	0.5177748950446954	-1.3005546463196074	2.7348860530536907	0.4554063214916487	0.01863784064606743	1.2287	0.4899570593826063	58	15.14	0.03	0.07	17.03	0.65	0.51	8.8	8.79	1.52	0.48	862	15.49	5.29	111.69	-0.13	-1.34	97.53	22.26	-0.07	-0.2	0.13	0.07	0.93
49	fg3_m15	1	2.93	2	2	15.328392319845939	10.82031738944431	0.5628319207455823	-1.8804605371410272	3.2052220498405672	0.07440640986826053	0.002739361328162565	1.3336	0.2395679103629086	65	0.69	0.02	0.03	7.2	0.64	0.57	1.44	3.85	1.09	0.77	716	13.83	8.04	97.19	0.0	-1.14	93.18	23.2	0.3	0.28	0.0	0.3	-0.32
50	fg3_m15	1	3.13	2	2	3.541480042141837	11.790168177245755	0.539037592272177	-1.224542681243152	3.023274413699438	0.16262618700824438	0.026397579610373124	1.3577	0.3226251207797781	72	2.96	0.02	0.05	7.7	0.56	0.55	5.67	9.3	0.3	0.77	731	13.28	3.03	99.72	-0.13	-0.95	106.75	40.16	2.27	5.34	0.13	2.27	-0.48
51	fg3_m15	1	3.32	2	2	2.140932458974104	11.027574488229352	0.5804403484214363	-1.6460491967595632	3.3005912534762123	0.1280652182266394	0.021870710457356744	1.4468	0.3072543038320962	79	4.61	0.04	0.06	17.41	0.56	0.48	6.21	8.27	1.52	0.48	715	11.98	22.09	98.17	0.24	-1.2	112.73	26.64	0.54	-0.59	0.24	0.54	-1.6
52	fg3_m15	1	3.52	2	1	0.0	0.0	0.5794952179147026	-1.8874298632289	3.160845024348548	0.036420241917041817	0.0033343730715600733	1.3285	0.35652043912352016	86	2.61	0.03	0.03	11.77	0.55	0.44	5.52	16.73	1.09	0.48	761	12.95	5.76	88.88	0.02	-1.03	108.49	20.93	0.59	-0.15	0.02	0.59	0.45
53	fg3_m15	1	3.72	2	1	0.0	0.0	0.5560417328711551	-1.8949280883716368	3.3668237508396865	-0.029274856435576892	-0.007564282841917298	1.5124	0.3452957293427018	93	2.58	0.03	0.03	14.69	0.54	0.53	11.55	19.01	1.09	0.48	740	12.67	6.34	85.53	0.02	-1.09	106.88	20.1	0.67	-0.15	0.02	0.67	-0.03
54	fg3_m15	1	3.91	2	1	0.0	0.0	0.5606238420682912	-1.9830768871427464	3.3593902771826833	-0.024236010015890038	-0.004702688423431734	1.5019	0.1850943565559827	100	2.34	0.02	0.02	7.92	0.56	0.52	1.95	5.55	0.96	0.77	734	13.54	2.26	89.02	0.0	-1.11	108.93	19.77	0.57	-0.19	0.0	0.57	-2.2
55	fg3_m15	1	4.11	2	1	0.0	0.0	0.5483965370903436	-1.9589804799106048	3.3819245950231185	-0.06339745454537914	-0.0074811183971418066	1.4239	0.2859838255681839	107	3.24	0.03	0.03	15.22	0.55	0.6	1.51	4.09	1.09	0.48	710	13.86	8.15	91.11	0.01	-1.15	109.83	18.23	0.78	0.53	0.01	0.78	0.54
56	fg3_m15	0	4.29	2	1	0.0	0.0	0.5684090895297113	-1.9855778187611035	3.33561192388888	-0.020766791811194413	-0.017019037447705655	1.4804	0.15976370095925208	114	2.58	0.02	0.03	7.17	0.57	0.47	1.75	5.06	0.86	0.77	723	13.42	16.3	90.43	-0.03	-1.15	104.85	20.61	0.55	-0.27	0.03	0.55	-0.3
57	fg3_m15	0	4.49	2	1	0.0	0.0	0.5656169170960663	-1.958458041034844	3.321572382802904	-0.06693346313985107	-0.0032158738935399666	1.4614	0.1055497241942878	121	1.37	0.03	0.03	15.6	0.57	0.53	11.75	27.05	1.09	0.48	720	13.27	8.3	91.7	0.06	-1.15	106.37	18.86	0.88	0.67	0.06	0.88	-1.74
58	fg3_m15	0	4.68	2	1	0.0	0.0	0.5557190843238947	-1.956065123573485	3.2747863865754234	-0.044166631918395684	-0.00612879560847824	1.4537	0.2436417257210773	128	0.59	0.03	0.03	15.39	0.57	0.53	12.38	20.25	1.09	0.48	710	13.02	11.65	91.79	0.02	-1.16	104.43	18.81	0.97	0.66	0.02	0.97	-1.06
59	fg3_m15	0	4.88	2	1	0.0	0.0	0.5716680193482634	-1.9589450728052304	3.2252092979467815	-0.06765568870309009	-0.001495238625540544	1.4377	0.18453161990536202	135	1.49	0.03	0.04	15.27	0.56	0.47	10.55	13.8	0.86	0.48	722	12.87	12.03	91.74	-0.02	-1.16	105.24	19.64	0.81	0.18	0.02	0.81	0.89
60	fg3_m15	0	0.05	3	1	0.0	0.0	0.5185424629727032	-1.8980286077756523	2.993517664882506	-0.022339992608596402	-0.00478753671386331	1.3451	0.05980458037754258	3	0.94	0.02	0.04	8.37	0.69	0.29	4.92	11.81	0.96	0.77	764	13.74	36.57	84.29	-0.07	-1.18	76.11	22.98	0.32	-0.11	0.07	0.32	-2.79
61	fg3_m15	1	0.59	3	1	0.0	0.0	0.5475132590131192	-1.8448058267897247	2.946726565072437	0.1098609302851376	0.0512341567312064	0.9323	0.26506028248522845	10	47.53	0.04	0.06	12.66	0.72	0.21	2.74	7.73	1.55	0.48	1419	18.14	50.06	98.21	0.08	-1.12	75.52	24.03	0.67	1.12	0.08	0.67	-1.37
62	fg3_m15	1	0.88	3	1	0.0	0.0	0.507931017536971	-1.875324997126125	2.854982535142672	0.041199930610857534	0.031305979242176096	1.2057	0.2889665038443221	17	8.5	0.03	0.04	10.15	0.7	0.26	8.07	17.64	1.09	0.48	1254	15.28	13.11	93.02	-0.05	-1.24	73.52	22.15	0.82	0.65	0.05	0.82	-1.41
63	fg3_m15	1	1.17	3	1	0.0	0.0	0.5378746789040677	-1.8845167260240008	2.9059285880499583	0.06176084953612475	0.005926258275550489	1.2937	0.23056812392310794	24	8.78	0.03	0.04	10.58	0.7	0.34	0.94	2.09	1.09	0.48	764	14.53	9.39	91.04	-0.02	-1.23	80.08	23.05	0.61	0.18	0.02	0.61	0.23
64	fg3_m15	1	1.47	3	1	0.0	0.0	0.5012392469587127	-1.900330034207969	2.9745301386994702	0.04051052411527789	0.00966233177477312	1.329	0.18502200849107892	31	2.84	0.03	0.04	11.08	0.69	0.33	9.92	14.5	0.86	0.48	764	12.75	4.01	92.68	-0.06	-1.24	79.04	23.09	0.6	-0.01	0.06	0.6	0.59
65	fg3_m15	1	1.76	3	1	0.0	0.0	0.4873950495004402	-1.86977681698615	2.9156997255779915	0.02088007066626914	0.00999395887981662	1.3554	0.14343412261861593	38	3.4	0.03	0.04	10.54	0.69	0.24	1.53	4.18	0.68	0.48	764	13.09	1.92	90.43	-0.07	-1.21	77.54	23.32	0.5	0.13	0.07	0.5	0.8
66	fg3_m15	1	2.05	3	1	0.0	0.0	0.5218255078724752	-1.9180609299822549	3.0302578810492986	0.015532516155148796	0.010311981045623315	1.4080000000000001	0.0939319119048402	45	2.74	0.03	0.04	10.62	0.67	0.31	3.89	9.07	0.86	0.48	764	11.9	6.67	92.18	-0.04	-1.26	79.35	22.29	0.63	0.24	0.04	0.63	0.39
67	fg3_m15	1	2.35	3	1	0.0	0.0	0.4658497306153913	-1.9128938313660468	2.9363821755008885	-0.0052891226901635785	-0.0025304578153885057	1.3535	0.103267475217605	52	1.31	0.03	0.05	10.6	0.68	0.29	2.39	4.73	0.68	0.48	764	12.69	11.61	91.05	-0.04	-1.22	79.0	22.09	0.84	0.36	0.04	0.84	-1.25
68	fg3_m15	1	2.64	3	2	4.448003720334683	3.830363585542139	0.5074052864061107	-1.4796380894525645	2.5022627158679707	0.4797123969810331	0.0007244371858829479	1.454	0.5060139304307514	59	5.62	0.05	0.07	22.7	0.6	0.55	7.3	14.46	2.04	0.48	1330	18.74	36.18	112.14	0.03	-1.33	103.48	43.72	0.96	0.59	0.03	0.96	-0.85
69	fg3_m15	1	2.93	3	1	0.0	0.0	0.5782496964816002	-1.936769792330739	3.2491206448972227	0.13024344360249354	0.00918732364803439	1.4446	0.5214801751310676	66	12.34	0.04	0.04	12.19	0.59	0.4	1.35	2.41	0.96	0.48	368	10.43	7.62	85.18	-0.03	-1.22	101.99	20.32	0.26	-0.15	0.03	0.26	-1.12
70	fg3_m15	1	3.13	3	2	5.119178906192988	13.839487253107762	0.5669382159081816	-1.3226544837094498	3.2509227312357374	0.15092814794606205	-0.0069977405366918955	1.5030000000000001	0.42112405980958056	73	0.12	0.03	0.04	10.03	0.62	0.28	2.12	6.83	0.86	0.48	764	12.92	4.82	90.08	0.02	-1.25	91.79	21.7	0.46	0.02	0.02	0.46	0.02
71	fg3_m15	1	3.32	3	1	0.0	0.0	0.5427942071332353	-1.3504416353640705	3.1120504267567424	0.15592094418331393	0.01717975510960684	1.6929	0.4478177213940149	80	2.84	0.03	0.04	10.34	0.58	0.16	2.67	5.5	0.96	0.48	759	13.48	0.42	85.14	0.02	-1.21	98.07	21.33	0.72	0.25	0.02	0.72	0.44
72	fg3_m15	1	3.52	3	1	0.0	0.0	0.5765599563794358	-2.0189044243863568	3.3744589652553887	0.07044392626300837	0.007839003494424984	1.5535	0.37188188375252224	87	14.38	0.05	0.04	11.34	0.55	0.36	3.29	11.45	0.86	0.48	751	12.18	1.76	85.28	0.05	-1.27	102.16	21.95	0.75	-0.02	0.05	0.75	0.06
73	fg3_m15	1	3.72	3	1	0.0	0.0	0.5606681210871348	-1.9206333195935847	3.280636226126613	0.025228585859754	-0.00815319508062312	1.6607	0.3637834148686897	94	3.97	0.04	0.03	10.93	0.54	0.31	1.94	6.45	1.09	0.48	764	11.66	4.38	81.54	-0.14	-1.22	102.62	21.03	0.6	-0.16	0.14	0.6	0.01
74	fg3_m15	1	3.91	3	1	0.0	0.0	0.5646063074700225	-2.0320641320261035	3.3623598207763488	-0.0016091438109253234	-0.014743394416131943	1.6738	0.3550983596204268	101	1.07	0.03	0.03	10.33	0.55	0.37	2.49	7.9	0.86	0.48	759	11.69	4.25	85.81	-0.05	-1.19	104.87	19.14	0.88	0.32	0.05	0.88	1.17
75	fg3_m15	1	4.11	3	1	0.0	0.0	0.5593178118759634	-2.0010990428210174	3.2878029806731	-0.018225017174634376	-0.0201586982091119	1.5805	0.3491313745498412	108	5.83	0.03	0.03	10.33	0.55	0.4	3.18	10.79	0.96	0.48	756	11.85	3.97	85.31	-0.03	-1.24	103.36	19.58	0.77	0.3	0.03	0.77	-1.96
76	fg3_m15	0	4.29	3	1	0.0	0.0	0.589262835596785	-2.0780753338449465	3.3245883995489485	-0.03333773208052715	-0.019379175022993474	1.6603	0.17899454764215	115	7.27	0.03	0.03	9.74	0.55	0.41	1.46	4.61	0.96	0.48	757	11.64	15.86	84.23	-0.07	-1.19	99.82	20.06	0.82	0.06	0.07	0.82	-0.02
77	fg3_m15	0	4.49	3	1	0.0	0.0	0.5457305224437485	-1.9596502844045327	3.1327933278877094	0.036351149819687255	-0.0012092478645621726	1.5656	0.2659148841908369	122	1.35	0.03	0.03	9.98	0.56	0.32	1.19	3.68	0.96	0.48	759	12.47	4.41	85.77	-0.03	-1.19	101.36	19.76	0.96	0.43	0.03	0.96	-0.35
78	fg3_m15	0	4.68	3	1	0.0	0.0	0.5763389168797121	-2.0335482386561945	3.309036219350647	-0.049067555169215314	-0.03454623745864766	1.5763	0.1214442700498609	129	2.76	0.03	0.03	10.44	0.56	0.41	2.39	7.13	0.86	0.48	750	12.11	8.44	86.88	0.0	-1.21	100.89	20.09	0.93	0.34	0.0	0.93	-0.43
79	fg3_m15	0	4.88	3	1	0.0	0.0	0.5706589880911428	-2.010840349286101	3.223382068136753	-0.05686369343223292	-0.027161580355777308	1.5495	0.19860560365249927	136	0.41	0.04	0.04	9.99	0.55	0.32	12.13	33.39	0.96	0.48	762	11.92	9.82	85.81	-0.05	-1.18	102.23	19.21	0.86	0.41	0.05	0.86	0.71
80	fg3_m15	0	0.05	4	1	0.0	0.0	0.5279717711709815	-1.9178390709103117	3.015664833452746	-0.05027690013155718	-0.024047835081931083	1.4037	0.08198497864498347	4	0.55	0.03	0.07	9.43	0.68	0.24	2.75	8.68	0.68	0.48	764	13.37	45.19	75.44	-0.01	-1.27	74.61	22.68	0.27	0.09	0.01	0.27	2.22
81	fg3_m15	1	0.59	4	1	0.0	0.0	0.5626654748233141	-1.684651121513179	2.707679553007753	0.08152077506168717	0.05624704132164305	0.9065	0.3716482611285946	11	19.22	0.04	0.05	10.75	0.7	0.45	2.15	5.73	0.86	0.48	1149	16.05	6.13	81.27	-0.04	-1.38	68.22	22.52	0.16	0.07	0.04	0.16	-0.92
82	fg3_m15	1	0.88	4	1	0.0	0.0	0.5153511662307493	-1.8950576776066768	2.8637997990249016	0.036205183269851386	0.020425890687799517	1.3465	0.2379251700249045	18	1.79	0.03	0.03	8.69	0.61	0.24	1.78	3.78	0.86	0.48	764	12.41	13.22	67.71	0.03	-1.34	73.51	20.3	0.24	0.04	0.03	0.24	-0.89
83	fg3_m15	1	1.17	4	1	0.0	0.0	0.548973521846978	-1.942626504562176	3.105985466131333	0.019149807259847367	0.0055235417541752325	1.4207	0.16178473966344542	25	2.92	0.04	0.05	7.88	0.59	0.17	7.02	14.8	1.09	0.77	764	11.58	16.14	66.98	0.21	-1.28	71.75	22.13	0.04	0.03	0.21	0.04	-0.46
84	fg3_m15	1	1.47	4	1	0.0	0.0	0.5225898544808516	-1.9483034962071335	3.04242480959994	0.03940884638095735	0.001429983542529804	1.4606	0.08625603783926572	32	1.98	0.04	0.05	8.76	0.58	0.18	2.1	4.65	0.86	0.48	764	11.43	5.7	65.79	-0.07	-1.33	72.21	18.92	0.24	0.04	0.07	0.24	1.2
85	fg3_m15	1	1.76	4	1	0.0	0.0	0.5152637192653234	-1.9391118504710056	3.1500556516711034	0.0028618109259056354	0.00022754303881507108	1.5462	0.1505096000901343	39	14.13	0.03	0.04	8.39	0.59	0.31	2.58	6.15	0.68	0.48	764	12.47	8.88	63.35	-0.02	-1.35	70.27	20.32	0.23	0.07	0.02	0.23	0.49
86	fg3_m15	1	2.05	4	1	0.0	0.0	0.5436996935718325	-1.991413294054296	3.16786360590148	-0.04005599232494063	-0.013043856194219943	1.5799	0.12013467827876265	46	4.41	0.04	0.04	8.0	0.57	0.23	1.77	4.28	0.86	0.48	764	12.2	1.25	61.33	-0.06	-1.35	71.67	18.74	0.56	0.04	0.06	0.56	0.14
87	fg3_m15	1	2.35	4	1	0.0	0.0	0.4824192455907711	-1.9693806754827252	3.0767402880809014	-0.026365583443304155	-0.005311055431372035	1.6193	0.0496560938839918	53	0.16	0.03	0.04	8.89	0.53	0.28	3.57	4.76	0.96	0.48	368	11.1	1.78	57.14	-0.02	-1.31	83.91	18.49	0.16	-0.15	0.02	0.16	-0.58
88	fg3_m15	1	2.93	4	1	0.0	0.0	0.6004175967186957	-1.9825264041094763	3.2042064307496827	0.13718139621927966	-0.0984594972444986	1.6642	0.4032618689337807	67	89.67	0.05	0.03	7.96	0.41	0.14	2.79	3.39	0.68	0.48	368	11.2	4.29	39.31	-0.09	-1.24	84.67	16.09	-0.23	-0.21	0.09	0.23	-1.66
89	fg3_m15	1	3.13	4	2	7.736370923688259	16.637190905272607	0.5759925067570338	-1.1463805208037336	3.5300315505243987	0.08335041412694033	-0.012097807029304864	1.6804	0.4911390836296727	74	11.53	0.04	0.04	7.38	0.41	0.16	9.14	11.04	1.09	0.48	764	11.42	0.08	42.86	-0.12	-1.25	76.43	17.18	0.48	-0.26	0.12	0.48	-0.02
90	fg3_m15	1	3.32	4	1	0.0	0.0	0.5696471003937644	-1.268418454505607	3.3163434640583027	0.10386457452458094	-0.06647078862277903	2.0305	0.5591569514947758	81	85.37	0.03	0.03	5.33	0.42	-0.31	7.94	11.7	0.68	0.77	764	12.37	6.62	42.17	-0.04	-1.31	82.12	17.0	0.73	0.07	0.04	0.73	-1.04
91	fg3_m15	1	3.52	4	1	0.0	0.0	0.6062657138763295	-2.0886737480050344	3.2617713234211623	0.053600892553977424	-0.10321215589653064	1.9002	0.35738701452192234	88	30.44	0.05	0.03	6.91	0.39	0.19	4.08	5.75	0.68	0.48	764	11.37	11.86	41.95	0.0	-1.36	88.84	18.27	0.57	-0.38	0.0	0.57	-0.83
92	fg3_m15	1	3.72	4	1	0.0	0.0	0.5765394116542398	-2.034515365758561	3.3260905127752487	0.0049973712285392045	-0.11197363404617383	1.9528	0.3344829335488784	95	6.34	0.06	0.03	7.67	0.34	0.2	5.39	6.06	0.86	0.48	368	9.88	9.23	37.59	-0.0	-1.17	96.93	18.15	-0.15	-0.53	0.0	0.15	0.51
93	fg3_m15	1	3.91	4	1	0.0	0.0	0.6012433308917869	-2.09600006623174	3.3269267761741395	-0.08125997092183755	-0.11060398545462582	1.8756	0.3263760277883445	102	74.81	0.04	0.04	7.34	0.36	-0.02	14.19	10.88	0.68	0.48	368	10.44	10.13	39.86	0.01	-1.24	99.11	17.09	-0.06	-0.5	0.01	0.06	0.67
94	fg3_m15	1	4.11	4	1	0.0	0.0	0.5749740445137246	-2.0317145943254658	3.31479299746107	-0.07768497216688712	-0.0797056592743522	1.755	0.17044165609386058	109	33.72	0.03	0.03	8.48	0.38	0.1	3.57	2.79	0.68	0.48	368	11.26	13.2	40.71	0.0	-1.18	98.33	17.12	-0.04	-0.33	0.0	0.04	0.13
95	fg3_m15	0	4.29	4	1	0.0	0.0	0.6017981389982029	-2.1187151054333517	3.24250691915982	0.006807288384299608	-0.10362129147397832	1.8961	0.09973971961871622	116	36.73	0.05	0.03	8.28	0.37	0.08	5.19	4.98	0.68	0.48	368	10.16	11.14	39.41	-0.02	-1.3	98.26	16.98	0.26	-0.51	0.02	0.26	0.9
96	fg3_m15	0	4.49	4	1	0.0	0.0	0.5905269059351493	-2.0876879076177635	3.265219009235971	-0.05783445247833952	-0.14849503907503284	1.8337	0.2618860800741533	123	0.38	0.04	0.03	9.45	0.39	0.1	7.12	8.7	0.86	0.48	368	11.17	15.03	39.93	-0.02	-1.23	96.91	17.13	0.06	-0.59	0.02	0.06	0.13
97	fg3_m15	0	4.68	4	1	0.0	0.0	0.5865691624745543	-2.0588031560556925	3.1995986869078723	-0.005423674215778471	-0.12736454383272924	1.7988	0.28177616053452315	130	82.78	0.05	0.03	8.62	0.37	-0.01	10.88	11.67	0.96	0.48	368	10.86	14.42	37.52	0.05	-1.22	96.8	18.3	-0.08	-0.46	0.05	0.08	0.24
98	fg3_m15	0	4.88	4	1	0.0	0.0	0.5872320069007043	-2.0860190491734385	3.229464154193796	-0.05494159202120915	-0.10752060166044902	1.7938	0.1517824251285888	137	9.67	0.06	0.04	8.1	0.34	0.2	11.47	17.48	0.68	0.48	368	9.98	6.72	37.49	-0.1	-1.28	96.7	18.12	0.23	-0.4	0.1	0.23	-1.25
99	fg3_m15	0	0.05	5	1	0.0	0.0	0.5112977436482706	-1.8771709966842367	2.973486173159709	-0.0630966891161059	-0.003800198837377267	1.2773	0.05471164051747311	5	0.31	0.02	0.05	7.6	0.71	0.42	2.67	13.6	0.91	0.77	1256	15.11	7.79	95.06	-0.01	-1.16	64.5	25.28	0.47	-0.26	0.01	0.47	0.52
100	fg3_m15	1	0.59	5	1	0.0	0.0	0.5855607179972467	-1.5867907274214446	2.3516414455983576	0.10047407849216496	0.03388549088336593	0.7788	0.344983300429596	12	3.8	0.07	0.08	20.39	0.67	0.51	3.33	11.01	0.43	0.77	721	13.33	20.83	110.12	-0.17	-1.08	92.86	23.16	0.25	-0.46	0.17	0.25	0.98
101	fg3_m15	1	0.88	5	1	0.0	0.0	0.5413763191639489	-1.8189300510069888	2.6729676529491	0.026785299052040558	0.014930373187771144	1.0645	0.2330375964270338	19	2.52	0.03	0.05	15.86	0.67	0.59	1.74	5.0	0.68	0.48	758	12.64	11.5	99.08	0.02	-1.12	82.28	23.76	0.43	0.03	0.02	0.43	-0.75
102	fg3_m15	1	1.17	5	1	0.0	0.0	0.5062533015609123	-1.8539090628472796	2.9640511278268398	0.03711869239032228	0.010128244400157452	1.1028	0.12709850899398814	26	0.51	0.03	0.05	16.66	0.69	0.48	1.06	3.23	0.68	0.48	763	12.8	10.09	99.58	0.03	-1.09	81.23	23.55	0.67	0.31	0.03	0.67	-0.67
103	fg3_m15	1	1.47	5	1	0.0	0.0	0.4898112742765748	-1.8755242071465663	3.0384723538151928	0.030174239578230094	0.009660781429041709	1.1703	0.1565594994328151	33	2.2	0.03	0.04	8.1	0.7	0.56	5.35	15.3	0.68	0.77	758	14.24	3.44	99.21	0.0	-1.08	81.49	23.8	0.59	0.35	0.0	0.59	1.84
104	fg3_m15	1	1.76	5	1	0.0	0.0	0.5303441531898523	-1.8673325714146265	3.0609699178537326	-0.0090535631816294	4.927814171892704e-06	1.1740000000000002	0.09311673359808527	40	2.39	0.02	0.04	15.51	0.7	0.53	0.64	1.87	0.68	0.48	736	13.76	3.99	101.65	0.02	-1.17	81.71	24.25	0.58	0.03	0.02	0.58	-0.37
105	fg3_m15	1	2.05	5	1	0.0	0.0	0.5187042783417282	-1.912774209604448	3.1275755635654185	-0.019913557168144573	-0.0006457040578876973	1.2313	0.12781904049025086	47	2.9	0.02	0.03	7.11	0.7	0.56	9.44	17.79	0.68	0.77	746	14.51	1.64	98.01	-0.06	-1.1	82.13	23.16	0.74	-0.01	0.06	0.74	0.34
106	fg3_m15	1	2.35	5	1	0.0	0.0	0.45942945254902506	-1.8593936883386732	3.069265891308148	-0.03811855684366836	-0.004064324105496198	1.1744	0.08018583458218494	54	0.56	0.02	0.04	8.11	0.71	0.6	14.0	15.46	0.68	0.77	987	15.08	0.66	110.03	-0.03	-1.37	77.13	21.77	1.06	0.94	0.03	1.06	-0.11
107	fg3_m15	1	2.64	5	2	10.492726293008904	5.905817195608416	0.5094583935451434	-1.3959049328962314	2.969899515071007	0.22173310366359344	0.00965401369404379	0.9615	0.4791829534239317	61	10.23	0.07	0.08	24.06	0.61	0.58	6.63	9.3	1.36	0.48	826	15.41	3.72	128.68	-0.24	-1.26	108.29	24.49	0.26	-0.51	0.24	0.26	-0.11
108	fg3_m15	1	2.93	5	1	0.0	0.0	0.5553867048898411	-1.734762621585167	3.3127343235922533	0.05289565767358263	0.005709910686961778	1.2006	0.16525259770398876	68	0.26	0.02	0.03	7.98	0.64	0.65	15.32	23.08	0.96	0.77	822	15.16	0.86	108.5	-0.02	-1.4	93.83	18.49	0.76	0.44	0.02	0.76	0.84
109	fg3_m15	1	3.13	5	2	5.815189605894217	7.544665679369046	0.5459542871866478	-0.8644203213019754	3.4267296047711278	0.19388386881114225	0.02107264232119473	1.193	0.4534762525244261	75	1.03	0.02	0.04	11.67	0.71	0.69	13.81	16.6	3.39	0.77	1144	21.58	2.48	126.46	0.01	-1.47	105.45	38.94	1.99	3.64	0.01	1.99	0.55
110	fg3_m15	1	3.32	5	2	3.433244619606297	15.11332424813987	0.5718277447540062	-1.5637316217849901	3.2825996089430687	0.12472758532914292	0.012637060869824863	1.3186	0.2372732382192831	82	2.79	0.04	0.05	14.02	0.55	0.65	6.85	11.39	1.09	0.48	891	14.93	12.84	93.8	0.07	-1.14	106.52	34.02	1.42	2.38	0.07	1.42	-0.05
111	fg3_m15	1	3.52	5	1	0.0	0.0	0.5598903509905312	-1.8583253517712104	3.1353254350515516	-0.001734840846073219	0.0007220431200053571	1.3154	0.3304742285236293	89	2.72	0.03	0.03	10.06	0.55	0.6	6.15	13.27	0.68	0.77	686	13.67	12.07	89.07	-0.05	-1.12	111.07	21.85	0.61	-0.35	0.05	0.61	-1.55
112	fg3_m15	1	3.72	5	1	0.0	0.0	0.544734993746173	-1.8876234913688887	3.495722763145971	-0.06457705687976772	-0.0175460725002902	1.3835	0.24701066270125854	96	1.98	0.03	0.03	8.14	0.57	0.66	15.73	21.18	0.68	0.77	851	14.7	3.83	98.6	-0.05	-1.31	102.95	20.1	0.8	0.38	0.05	0.8	-0.46
113	fg3_m15	1	3.91	5	1	0.0	0.0	0.5530544146309593	-1.891562420103636	3.290640309028832	-0.04046811541190965	-0.004015378007687622	1.3402	0.1044866999017766	103	2.07	0.02	0.02	8.38	0.56	0.67	14.06	15.66	0.96	0.77	668	14.32	0.1	90.94	0.04	-1.09	110.32	19.38	0.48	-0.16	0.04	0.48	-1.83
114	fg3_m15	1	4.11	5	1	0.0	0.0	0.5405291175947015	-1.896698500446914	3.2747341511564727	-0.011806245074593715	0.0017641999420827288	1.2981	0.2742737416777269	110	2.26	0.03	0.02	8.54	0.57	0.68	4.29	8.37	0.68	0.77	657	14.17	15.74	90.75	0.04	-1.14	108.87	18.2	0.6	0.08	0.04	0.6	0.6
115	fg3_m15	0	4.29	5	1	0.0	0.0	0.5583938251988755	-1.9338063909700705	3.1775162780047785	-0.03650344693383071	7.136477514360852e-05	1.3461	0.10774681638826544	117	2.37	0.04	0.03	11.36	0.56	0.61	23.09	43.06	0.68	0.48	687	13.67	19.16	91.23	0.03	-1.09	107.4	19.42	0.68	0.04	0.03	0.68	0.05
116	fg3_m15	0	4.49	5	1	0.0	0.0	0.5623751713090631	-1.8919091557493048	3.298805220518381	-0.04022095145723164	-0.007947408675671773	1.3024	0.15809688717782472	124	0.68	0.03	0.03	8.82	0.56	0.65	4.92	8.16	0.68	0.77	638	13.93	6.23	92.38	0.04	-1.13	109.55	19.27	0.47	-0.29	0.04	0.47	-0.01
117	fg3_m15	0	4.68	5	1	0.0	0.0	0.5550221086247775	-1.9140635246171331	3.272442673336456	-0.04388532645796247	-0.006694698133459287	1.3101	0.0905871588762968	131	1.79	0.02	0.03	10.62	0.58	0.67	1.95	3.19	0.68	0.77	641	14.16	11.7	91.74	-0.02	-1.18	107.97	18.39	0.63	-0.2	0.02	0.63	0.57
118	fg3_m15	0	4.88	5	1	0.0	0.0	0.5666675814518182	-1.9402894981876069	3.3599125696305903	-0.0642954227940648	-0.01131033101224603	1.3099	0.1575214180467889	138	0.95	0.03	0.03	9.18	0.58	0.65	5.95	9.6	0.68	0.77	619	13.92	14.5	93.83	0.0	-1.2	108.97	18.37	0.72	0.03	0.0	0.72	0.03
119	fg3_m15	0	0.05	6	1	0.0	0.0	0.5957660001711114	-1.6994290113646435	3.3954234654170614	-0.008472861060511674	0.061474855966678586	0.6592	0.07523440323398976	6	0.9	0.03	0.06	10.6	0.8	0.83	1.98	5.48	0.68	0.48	930	21.54	26.74	123.24	-0.04	-1.51	62.85	19.19	-0.24	0.58	0.04	0.24	-0.24
120	fg3_m15	1	0.59	6	1	0.0	0.0	0.4353299705483461	-1.110840580833949	2.6367970331125425	0.1653206036883858	0.06438037468616069	0.5268	0.5185583789720448	13	0.87	0.05	0.06	18.45	0.75	0.57	4.63	8.27	1.92	0.48	1031	20.86	38.79	110.33	-0.0	-1.0	78.84	20.55	0.5	-0.6	0.0	0.5	-0.55
121	fg3_m15	1	0.88	6	1	0.0	0.0	0.6371994214064025	-1.7234298569671394	3.0399470957122365	-0.004288468680553296	0.029465910232347733	0.7654	0.34559169461220074	20	4.98	0.05	0.06	15.04	0.73	0.74	22.15	16.18	1.09	0.48	826	18.16	12.05	118.65	-0.04	-1.41	81.1	16.21	0.51	0.34	0.04	0.51	1.67
122	fg3_m15	1	1.17	6	1	0.0	0.0	0.5522638151185535	-1.7055106519626784	3.310695744738505	0.017428743668542124	0.043176615579621117	0.7535	0.14981892821112894	27	0.54	0.05	0.05	14.15	0.75	0.78	19.2	2.26	1.09	0.48	789	18.41	0.47	121.2	0.06	-1.44	80.45	16.84	0.09	0.18	0.06	0.09	-0.68
123	fg3_m15	1	1.47	6	1	0.0	0.0	0.5111522755112698	-1.6933816050018402	3.2279547862185467	-0.014311508391521885	0.018660662372708088	0.7645	0.24188699906225886	34	1.74	0.03	0.04	11.71	0.76	0.77	6.9	6.58	0.86	0.48	751	18.36	2.57	124.33	0.02	-1.45	79.68	17.62	0.25	-0.3	0.02	0.25	0.37
124	fg3_m15	1	1.76	6	1	0.0	0.0	0.5672014754008406	-1.7301808969316066	3.1777200571351916	-0.05073183249617237	0.02448897990846674	0.7833	0.10219359318124066	41	2.52	0.04	0.05	10.2	0.73	0.76	21.36	5.55	0.68	0.48	624	17.56	0.26	109.91	-0.02	-1.29	83.42	16.72	0.25	-0.04	0.02	0.25	-0.26
125	fg3_m15	1	2.05	6	1	0.0	0.0	0.5594180316151536	-1.7078298094655242	3.1967613236097403	-0.013875494472880485	0.02319730087004689	0.8061	0.13076571781416335	48	5.08	0.08	0.08	14.52	0.73	0.77	5.26	2.98	0.68	0.48	606	17.18	0.65	111.09	-0.12	-1.34	83.81	17.02	0.4	-0.45	0.12	0.4	-0.04
126	fg3_m15	1	2.35	6	1	0.0	0.0	0.5015722125357027	-1.714415618156771	3.1889954642750498	-0.011969321713575716	0.027568954934079404	0.7401	0.16296777153339218	55	2.24	0.06	0.07	13.2	0.75	0.79	5.06	4.31	0.86	0.48	593	17.27	13.67	114.18	0.02	-1.37	86.78	16.58	-0.0	-0.16	0.02	0.0	0.75
127	fg3_m15	1	2.64	6	2	8.746374704048037	2.4724072020000336	0.5950160667885427	-0.7755180334943034	3.89059270571616	0.2759294103834001	-0.14886783930709754	0.8244	0.9585493171390688	62	3.71	0.05	0.05	14.81	0.69	0.75	9.2	8.48	0.3	0.48	649	15.77	1.7	112.91	0.09	-1.4	91.42	18.27	0.31	-0.12	0.09	0.31	0.5
128	fg3_m15	1	2.93	6	2	19.785221281019076	6.650281056561347	0.5497285363665356	-1.6113254447335317	3.524486185120417	0.006869701436043682	-0.012155253691951312	1.0148	0.37755330085325206	69	2.14	0.04	0.06	9.03	0.64	0.83	22.58	15.61	0.96	0.48	587	15.44	10.79	104.47	0.05	-1.46	96.4	15.27	-0.03	-0.2	0.05	0.03	-0.28
129	fg3_m15	1	3.13	6	2	5.284696892916386	10.594488648967536	0.5854734235370699	-0.996242980973634	3.2948017515461463	0.10434237729032793	0.04692182606193341	1.0759999999999998	0.2285187596406439	76	0.98	0.05	0.05	9.68	0.73	0.84	4.74	3.79	0.3	0.48	828	23.27	2.35	140.7	-0.2	-1.35	97.38	18.34	0.24	0.21	0.2	0.24	1.34
130	fg3_m15	1	3.32	6	1	0.0	0.0	0.5883367779084842	-1.649002788269031	3.3030280089544557	0.02639981379987068	0.015105068653741862	1.0448	0.295054704023707	83	2.1	0.02	0.03	10.75	0.62	0.73	4.79	6.01	0.91	0.48	652	15.79	8.77	99.19	0.04	-1.33	101.22	14.88	0.54	0.32	0.04	0.54	1.36
131	fg3_m15	1	3.52	6	1	0.0	0.0	0.5741617523485489	-1.836640597672566	3.5322071182407773	-0.031110803539310623	0.005766792213936391	1.115	0.22048969499116436	90	1.65	0.04	0.04	11.54	0.62	0.78	4.05	5.23	0.86	0.48	672	15.9	2.14	101.42	0.02	-1.4	107.43	15.54	0.65	0.01	0.02	0.65	-0.26
132	fg3_m15	1	3.72	6	1	0.0	0.0	0.5814144907850856	-1.855272256748752	3.5267187477941797	-0.044638483008193314	0.026764638167340524	1.1571	0.14418157615742044	97	0.0	0.03	0.03	11.39	0.61	0.74	3.09	3.43	0.96	0.48	676	15.77	10.04	97.62	0.1	-1.32	105.3	17.6	0.24	0.03	0.1	0.24	-0.53
133	fg3_m15	1	3.91	6	1	0.0	0.0	0.5519665705809147	-1.8304773800643088	3.5346952418493887	-0.0144028795562211	0.02058013509528613	1.2274	0.16296761409389218	104	0.09	0.03	0.03	9.95	0.67	0.74	3.15	1.48	0.68	0.48	902	39.37	4.13	114.88	0.04	-1.56	104.73	17.77	0.47	-0.26	0.04	0.47	0.8
134	fg3_m15	1	4.11	6	1	0.0	0.0	0.5699002423993718	-1.895711563027364	3.4633995048084056	-0.017509634068276846	0.008190359146855746	1.1963	0.0819904540200439	111	2.87	0.04	0.04	9.82	0.6	0.73	4.33	5.84	0.68	0.48	675	15.05	5.43	102.56	-0.06	-1.34	110.13	15.68	0.58	-0.18	0.06	0.58	-2.26
135	fg3_m15	0	4.29	6	1	0.0	0.0	0.5700785666221596	-1.8747868989265937	3.5568959040976016	-0.0513236312667135	0.008960034665086995	1.1689	0.10458099162957883	118	0.58	0.02	0.03	7.66	0.6	0.77	1.99	2.53	0.68	0.77	652	16.05	7.33	99.57	0.03	-1.37	107.73	16.28	0.28	0.32	0.03	0.28	-0.29
136	fg3_m15	0	4.49	6	1	0.0	0.0	0.5552151952634943	-1.8404372522964667	3.318755466383476	-0.01156585941683007	0.018169640831375282	1.1719	0.08452050201586382	125	1.58	0.03	0.03	10.83	0.59	0.73	12.79	24.91	1.09	0.48	670	15.06	8.24	104.09	-0.04	-1.36	109.37	15.84	0.15	-0.02	0.04	0.15	-0.38
137	fg3_m15	0	4.68	6	1	0.0	0.0	0.5426360204139193	-1.8439465931978571	3.5052252755460724	-0.05915939218634374	0.005626121271422542	1.2062	0.09060217071125602	132	1.35	0.03	0.02	7.98	0.56	0.76	6.0	6.42	0.96	0.77	529	14.54	6.23	89.18	-0.02	-1.22	114.22	14.59	0.14	-0.52	0.02	0.14	-1.18
138	fg3_m15	0	4.88	6	1	0.0	0.0	0.5643754996765934	-1.8585786250404763	3.3611632567364595	-0.04429939444368418	0.0027333069019055065	1.1814	0.09751215466109356	139	0.35	0.03	0.03	10.5	0.6	0.74	12.57	18.88	0.96	0.48	663	15.08	5.52	103.61	-0.0	-1.36	107.54	15.07	0.64	0.25	0.0	0.64	0.59
