Counter_x	Image	class label	Myr	Viewpoint	# Bulges	Sep	Flux Ratio	Gini	M20	Concentration (C)	Asymmetry (A)	Clumpiness (S)	Sersic N	Shape Asymmetry (A_S)	Counter_y	$\Delta$PA	v_asym	s_asym	resids	\lambdare	$\epsilon$	A	$A_2$	deltapos	deltapos2	nspax	re	$\mu_V$	$\sigma_{V}$	skewvel	$h_{4,V}$	$\mu_{\sigma}$	$\sigma_{\sigma}$	skewsig	$h_{4,\sigma}$	$|h_{3,V}|$	$|h_{3,\sigma}|$	random
0	fg3_m10_iso1_rotated	0	0.05	0	1	0.0	0.0	0.5150967673816995	-1.8865469228136795	2.98526195531198	-0.04623739071386805	-0.007468898631844805	1.3175	0.10149440563925237	0	1.62	0.02	0.05	11.18	0.7	0.3	4.13	9.95	1.09	0.48	764	13.83	4.73	84.91	0.01	-1.19	73.76	22.58	0.05	0.34	0.01	0.05	1.12
1	fg3_m10_iso1_rotated	0	0.29	0	1	0.0	0.0	0.5379798949289849	-1.8738781181934705	2.8904456626212753	-0.004630238763920006	0.002157895130595941	1.2182	0.1060041795434371	7	3.03	0.04	0.06	10.95	0.74	0.29	13.17	50.37	0.86	0.64	1256	15.13	6.47	88.56	-0.13	-1.24	62.98	21.57	0.64	0.79	0.13	0.64	-0.33
2	fg3_m10_iso1_rotated	0	0.59	0	1	0.0	0.0	0.5381657014708681	-1.891965713183392	2.8759387507219176	-0.012785455139039923	0.007186468985148891	1.2187	0.09600461600471796	12	0.43	0.03	0.05	11.24	0.73	0.31	5.37	15.34	0.86	0.64	764	13.92	0.64	87.8	-0.06	-1.22	70.83	20.96	0.31	0.52	0.06	0.31	-0.91
3	fg3_m10_iso1_rotated	0	0.88	0	1	0.0	0.0	0.4698783641358004	-1.8122023009242132	2.8388718726512097	0.005582261683037062	0.005417135523644419	1.1765	0.09718953963949499	19	1.14	0.02	0.05	11.55	0.74	0.37	4.4	13.09	0.86	0.48	764	13.91	5.88	87.63	0.02	-1.19	69.15	21.26	0.2	0.84	0.02	0.2	-0.04
4	fg3_m10_iso1_rotated	0	0.98	0	1	0.0	0.0	0.4960036079294286	-1.8045035883281229	2.7896375883251467	0.022447502334512846	0.010197209016432151	1.1151	0.12738810210438867	26	2.21	0.02	0.04	11.33	0.75	0.26	4.29	12.6	1.09	0.48	764	14.59	4.52	87.78	-0.0	-1.21	70.1	20.22	0.3	0.52	0.0	0.3	1.67
5	fg3_m10_iso1_rotated	0	1.17	0	1	0.0	0.0	0.4882674009136151	-1.7991422956385874	2.7934441249114164	-0.011593371495641094	0.004971580045981597	1.1169	0.07822904572449982	32	0.31	0.02	0.04	10.44	0.75	0.36	2.32	9.35	0.86	0.48	764	14.4	7.69	86.17	0.01	-1.21	67.61	20.67	0.38	0.83	0.01	0.38	0.58
6	fg3_m10_iso1_rotated	0	1.47	0	1	0.0	0.0	0.5062205701515945	-1.8268081856288887	2.790675986568953	-0.0008213224951534688	0.004638763361142993	1.0997	0.12832812288747875	39	2.75	0.03	0.04	9.82	0.76	0.34	7.59	34.51	1.09	0.48	1256	15.98	1.47	90.88	-0.02	-1.23	62.07	19.91	0.8	0.76	0.02	0.8	0.8
7	fg3_m10_iso1_rotated	0	1.76	0	1	0.0	0.0	0.4937349031161281	-1.8405245867612572	2.7927155196434748	-0.010294890010018884	0.008444307316181466	1.1363	0.12338460646899775	45	1.59	0.03	0.04	10.58	0.74	0.31	6.83	22.51	0.86	0.48	764	14.35	0.62	87.2	-0.07	-1.23	71.15	20.39	0.42	0.43	0.07	0.42	-0.8
8	fg3_m10_iso1_rotated	0	1.96	0	1	0.0	0.0	0.5140094526980777	-1.8429841002519176	2.780014171447128	-0.007907362332304014	0.00843603159885341	1.117	0.09342765205752628	52	0.32	0.02	0.04	10.38	0.74	0.3	3.3	10.03	1.09	0.48	764	14.55	7.56	86.24	0.01	-1.19	69.84	21.01	0.33	0.35	0.01	0.33	-0.14
9	fg3_m10_iso1_rotated	0	0.05	1	1	0.0	0.0	0.4882281983248761	-1.8299469608701475	2.946307374908046	-0.023365389453481943	-0.003480814388872858	1.1465	0.05146109043451212	1	1.14	0.02	0.05	11.25	0.78	0.51	3.6	20.75	0.68	0.48	1252	17.3	0.34	99.96	-0.06	-0.98	63.48	25.31	0.4	-0.3	0.06	0.4	0.13
10	fg3_m10_iso1_rotated	0	0.29	1	1	0.0	0.0	0.5230005245405662	-1.8077131688526962	2.859329188602993	0.00425245620932792	0.0010079026387296306	1.0562	0.05296197105538767	8	4.32	0.03	0.06	12.2	0.78	0.51	9.45	22.27	0.68	0.48	1249	16.59	0.48	101.82	-0.06	-1.01	63.59	22.94	0.5	0.48	0.06	0.5	0.41
11	fg3_m10_iso1_rotated	0	0.59	1	1	0.0	0.0	0.5139793646947712	-1.8231206954158965	2.8769728984598033	-0.0017773041654340262	-0.0005114171896300426	1.0596	0.06810796566799655	13	0.83	0.02	0.05	10.64	0.8	0.52	2.25	9.86	0.68	0.48	1236	16.65	5.48	102.83	0.0	-1.06	61.9	23.68	0.49	0.16	0.0	0.49	0.4
12	fg3_m10_iso1_rotated	0	0.88	1	1	0.0	0.0	0.5196994949066376	-1.7929074779162777	2.870346041566832	0.019164483111520667	0.007371479668882122	1.0478	0.08206237486961229	20	1.74	0.02	0.05	11.12	0.79	0.5	3.32	14.04	0.61	0.48	1179	16.18	1.83	105.09	-0.01	-1.1	62.77	23.57	0.34	0.1	0.01	0.34	-0.48
13	fg3_m10_iso1_rotated	0	0.98	1	1	0.0	0.0	0.476930611023887	-1.760597667796334	2.7711153565238558	0.017166395978031438	0.009898218325558336	0.9982	0.13199479825745275	27	0.22	0.03	0.05	11.29	0.79	0.49	12.09	31.27	0.61	0.48	1205	15.91	1.6	105.65	-0.08	-1.08	63.66	22.14	0.46	0.55	0.08	0.46	-0.32
14	fg3_m10_iso1_rotated	0	1.17	1	1	0.0	0.0	0.5080108588493774	-1.7893126971829176	2.829256827718817	-0.0058594005003743226	-0.0008045073286129305	1.0101	0.06765435844244368	33	0.6	0.04	0.06	15.7	0.79	0.52	10.32	15.57	0.68	0.77	1156	16.28	10.33	104.49	0.04	-1.13	64.28	21.79	0.65	0.32	0.04	0.65	-0.44
15	fg3_m10_iso1_rotated	0	1.47	1	1	0.0	0.0	0.4978448334514514	-1.8017937881816048	2.808839689142125	-0.015341023683694862	0.0006971346772526156	0.9977	0.07700521371529667	40	0.07	0.02	0.04	7.74	0.8	0.51	6.3	22.1	0.96	0.77	1219	17.02	2.33	103.51	-0.04	-1.04	62.62	22.55	0.53	0.08	0.04	0.53	-0.99
16	fg3_m10_iso1_rotated	0	1.76	1	1	0.0	0.0	0.4990440540186622	-1.83727366535786	2.8495875106237856	-0.005794606496593885	0.0014850813178937756	1.0343	0.06912697255651334	46	1.25	0.02	0.05	10.81	0.79	0.48	3.61	15.99	0.91	0.48	1200	17.18	0.82	103.83	-0.04	-1.09	64.52	21.9	0.71	0.58	0.04	0.71	-0.42
17	fg3_m10_iso1_rotated	0	1.96	1	1	0.0	0.0	0.4935998991535751	-1.8035094479568976	2.805386239503344	-0.010120413667576591	0.0035912579429492352	1.0007	0.0980948337636682	53	5.41	0.02	0.04	12.4	0.79	0.52	3.87	12.5	0.61	0.48	1176	16.93	3.97	104.67	-0.05	-1.09	66.48	19.79	0.95	0.78	0.05	0.95	-1.21
18	fg3_m10_iso1_rotated	0	0.05	2	1	0.0	0.0	0.511314657102319	-1.8445383373197264	2.915485389059814	-0.02157861453665909	0.00188178328119428	1.1463	0.059039073699569525	2	2.1	0.03	0.05	11.33	0.79	0.51	3.22	20.72	0.96	0.48	1253	17.71	2.1	99.2	-0.04	-0.98	61.83	25.66	0.47	-0.42	0.04	0.47	0.47
19	fg3_m10_iso1_rotated	0	0.29	2	1	0.0	0.0	0.517106048150481	-1.8409816319132872	2.8826736303054226	-0.016565418158773854	0.0030404185473165172	1.0418	0.06432952516994772	9	12.53	0.04	0.07	22.79	0.79	0.5	1.78	7.86	0.96	0.48	1236	16.54	7.0	102.58	0.03	-1.04	62.21	23.84	0.56	0.05	0.03	0.56	0.15
20	fg3_m10_iso1_rotated	0	0.59	2	1	0.0	0.0	0.5156094173828385	-1.8274078478869376	2.837083771183186	-0.005011975623488836	0.0049433010409867745	1.0252	0.07129145264505125	14	1.05	0.02	0.04	11.05	0.79	0.5	11.74	29.16	0.61	0.48	1214	16.18	1.73	105.28	-0.06	-1.06	63.65	23.99	0.17	0.24	0.06	0.17	0.23
21	fg3_m10_iso1_rotated	0	0.88	2	1	0.0	0.0	0.5124709259486222	-1.8521397110513216	2.8360445045387808	0.01713817128333572	0.0028457090389916733	1.0468	0.08628483126257737	21	0.21	0.02	0.04	6.57	0.79	0.5	2.53	13.76	0.91	0.77	1207	15.82	5.76	105.3	0.03	-1.09	62.45	22.91	0.65	0.24	0.03	0.65	-0.78
22	fg3_m10_iso1_rotated	0	0.98	2	1	0.0	0.0	0.4814876956331858	-1.8182107027041752	2.8273093401060216	0.0022868591750964604	0.009409411774975458	1.0008	0.10286581157891238	28	1.58	0.02	0.04	10.56	0.79	0.52	2.47	10.29	0.91	0.48	1214	16.69	6.33	103.42	0.01	-1.04	63.18	23.37	0.32	0.41	0.01	0.32	0.46
23	fg3_m10_iso1_rotated	0	1.17	2	1	0.0	0.0	0.4968112938255199	-1.7841180474837748	2.8252059973746	-0.02523449962452406	-0.0015606883510911687	1.0033	0.0760766800966298	34	1.5	0.02	0.05	10.82	0.79	0.51	4.32	20.06	0.68	0.48	1195	16.8	0.16	105.33	-0.05	-1.09	63.81	22.82	0.62	0.0	0.05	0.62	-0.64
24	fg3_m10_iso1_rotated	0	1.47	2	1	0.0	0.0	0.4833757214605259	-1.7990004782469964	2.81337618383523	0.002885267377585114	0.004740081093262485	0.9923	0.05535589873251618	41	0.72	0.03	0.04	11.1	0.79	0.51	4.01	16.24	0.68	0.48	1187	16.34	2.4	105.41	-0.01	-1.07	63.62	22.0	0.68	0.14	0.01	0.68	-1.09
25	fg3_m10_iso1_rotated	0	1.76	2	1	0.0	0.0	0.4856419942404968	-1.7816117062863532	2.835606225916924	-0.039879802803443665	0.004835474885744	0.9985	0.056297305990599726	47	0.07	0.02	0.04	11.15	0.78	0.52	2.99	11.06	0.96	0.48	1158	15.61	4.88	106.57	-0.02	-1.16	65.77	21.49	0.7	0.1	0.02	0.7	-0.61
26	fg3_m10_iso1_rotated	0	1.96	2	1	0.0	0.0	0.4940949642211186	-1.808092878694481	2.81957107107597	-0.029862021946524788	0.0006115612046448175	0.9984	0.09878176352720512	54	0.35	0.02	0.04	6.87	0.78	0.52	2.47	10.75	0.61	0.77	1153	16.28	1.25	106.2	-0.06	-1.14	67.07	20.52	0.83	0.57	0.06	0.83	-0.81
27	fg3_m10_iso1_rotated	0	0.05	3	1	0.0	0.0	0.4913143021096275	-1.8421006160507352	2.9557772695811053	-0.020214009304102443	0.0017065053303118706	1.1520000000000001	0.0626316961286678	3	2.07	0.02	0.04	11.0	0.78	0.53	6.96	20.38	0.68	0.48	1250	17.37	0.25	100.74	-0.04	-0.99	62.87	24.69	0.48	-0.36	0.04	0.48	1.61
28	fg3_m10_iso1_rotated	0	0.29	3	1	0.0	0.0	0.5208417792421239	-1.8242347402795456	2.8717470120483672	-0.002281942371315311	0.0024502589725598303	1.0358	0.05942034957744489	10	8.69	0.04	0.05	18.26	0.78	0.51	3.39	14.92	0.68	0.48	1222	16.23	4.17	102.06	-0.05	-1.02	60.74	24.26	0.49	-0.15	0.05	0.49	-0.37
29	fg3_m10_iso1_rotated	0	0.59	3	1	0.0	0.0	0.5216106583858933	-1.850696570434588	2.8501631844901967	0.011743849155101035	0.00473646891000421	1.0547	0.08279923875763197	15	8.72	0.05	0.07	23.07	0.79	0.5	6.15	19.41	1.09	0.21	1211	16.73	0.26	103.23	-0.03	-1.05	62.02	24.01	0.51	-0.18	0.03	0.51	1.02
30	fg3_m10_iso1_rotated	0	0.88	3	1	0.0	0.0	0.521601009487383	-1.8687324870301527	2.9187272779527347	0.0005604753338851726	0.0017811404651261102	1.0761	0.10066580541537597	22	10.07	0.05	0.07	18.82	0.79	0.5	9.15	27.94	1.09	0.48	1192	16.68	1.24	105.5	0.02	-1.1	63.22	23.56	0.36	0.23	0.02	0.36	0.25
32	fg3_m10_iso1_rotated	0	1.17	3	1	0.0	0.0	0.5071565515496443	-1.8355022011296684	2.8308863453646964	0.006607359746712178	0.0009438223857716613	0.9809	0.05645079447105405	35	0.13	0.02	0.03	7.22	0.79	0.52	10.52	22.97	0.68	0.77	1184	15.99	1.84	105.9	-0.06	-1.09	63.34	22.29	0.62	0.26	0.06	0.62	0.17
34	fg3_m10_iso1_rotated	0	1.76	3	1	0.0	0.0	0.4909713499653978	-1.7942403729661969	2.7756042653871744	-0.01649200702154296	0.003489940751914829	0.9907	0.08979961999844709	48	0.53	0.02	0.04	10.62	0.79	0.53	2.89	15.07	0.68	0.48	1145	17.28	0.71	105.83	-0.03	-1.09	65.63	21.33	0.6	0.5	0.03	0.6	-1.9
35	fg3_m10_iso1_rotated	0	1.96	3	1	0.0	0.0	0.4893722008462287	-1.7793248436470828	2.811621142052241	0.004709064680142107	0.006211493084427429	0.9941	0.10116521551670353	55	3.1	0.02	0.03	7.2	0.78	0.55	3.11	9.43	0.91	0.77	1166	16.38	1.52	105.74	0.01	-1.12	65.76	20.69	0.6	0.49	0.01	0.6	0.98
36	fg3_m10_iso1_rotated	0	0.05	4	1	0.0	0.0	0.5340816351574698	-1.925077068236398	2.983354970812812	-0.04478016772540102	-0.02449926803342916	1.4491	0.06878261628737	4	43.19	0.08	0.05	7.89	0.27	0.05	42.45	50.34	0.68	0.48	764	12.47	5.55	23.79	-0.04	-0.84	69.95	21.09	-0.18	0.13	0.04	0.18	0.66
38	fg3_m10_iso1_rotated	0	0.59	4	1	0.0	0.0	0.4975247585961263	-1.8808048608213281	2.8868894893753065	-0.013175393697020877	0.007908654666434286	1.3408	0.07610724435280174	16	79.1	0.09	0.05	6.87	0.32	-0.02	7.24	10.75	0.68	0.48	764	12.61	2.38	23.44	-0.09	-1.01	60.25	18.85	-0.29	0.31	0.09	0.29	-0.38
39	fg3_m10_iso1_rotated	0	0.88	4	1	0.0	0.0	0.4890482330821994	-1.8685298898034148	2.8864022445527	0.0005674336364187199	0.006446555894984469	1.3272	0.102019722497883	23	66.38	0.06	0.05	5.98	0.31	0.03	16.59	26.33	0.86	0.48	764	12.28	3.35	23.26	-0.02	-1.07	61.0	17.35	-0.35	0.26	0.02	0.35	0.8
40	fg3_m10_iso1_rotated	0	0.98	4	1	0.0	0.0	0.5157133283197698	-1.8610651636207276	2.8561216459563186	0.012673397494070213	0.005754446182199044	1.2376	0.0979518835427148	29	12.92	0.06	0.04	6.13	0.33	-0.05	17.75	19.61	0.68	0.48	764	12.56	6.15	23.2	-0.04	-1.02	59.77	17.54	-0.23	1.11	0.04	0.23	0.54
41	fg3_m10_iso1_rotated	0	1.17	4	1	0.0	0.0	0.4970112791456801	-1.8452032479360925	2.8214031378418434	-0.031083560499389287	0.001793116021843552	1.2587	0.07039293513434271	36	33.24	0.08	0.06	7.11	0.33	0.09	25.23	28.65	0.68	0.48	764	12.96	3.6	23.03	-0.09	-1.04	59.35	16.96	-0.29	0.69	0.09	0.29	0.7
42	fg3_m10_iso1_rotated	0	1.47	4	1	0.0	0.0	0.5103992104842332	-1.8506899969538864	2.811207183067457	-0.006926149014132164	-0.0027178076550187363	1.2175	0.11799153578401203	42	12.2	0.08	0.05	6.71	0.32	0.12	16.57	23.08	0.96	0.48	764	13.29	5.12	21.79	0.1	-0.95	59.88	17.88	-0.37	0.57	0.1	0.37	-0.74
43	fg3_m10_iso1_rotated	0	1.76	4	1	0.0	0.0	0.5146567828189225	-1.843215960474897	2.8223364708490033	-0.017460567038123133	-0.005486052192124412	1.2823	0.09706902236399907	49	59.13	0.07	0.06	5.97	0.32	0.18	15.17	26.34	0.68	0.48	764	14.11	3.37	22.42	-0.07	-1.19	62.46	16.25	0.12	0.52	0.07	0.12	0.5
44	fg3_m10_iso1_rotated	0	1.96	4	1	0.0	0.0	0.5098286199648782	-1.832404692044168	2.7694164312246814	-0.06096145878528299	-0.033046749132500615	1.2779	0.07642551546822936	56	70.11	0.08	0.06	7.07	0.31	0.04	11.01	10.66	0.68	0.48	764	12.96	5.03	22.28	0.02	-1.08	63.67	16.2	0.27	0.12	0.02	0.27	2.93
45	fg3_m10_iso1_rotated	0	0.05	5	1	0.0	0.0	0.5209705729184994	-1.9072841528482458	2.9916772767820365	-0.060314229164341225	-0.023602850096212196	1.4579	0.04885311074395925	5	22.77	0.08	0.05	7.92	0.3	0.08	18.01	27.37	0.68	0.48	764	12.72	5.05	24.95	0.03	-0.91	68.38	20.89	-0.17	0.35	0.03	0.17	-0.27
47	fg3_m10_iso1_rotated	0	0.59	5	1	0.0	0.0	0.5199199951892813	-1.899254242889877	2.8920636406290567	-0.024239286012977267	-0.006546284202255884	1.3431	0.11298540953462707	17	20.19	0.07	0.05	6.69	0.33	-0.03	17.77	32.64	0.68	0.48	764	12.62	2.38	24.42	0.02	-1.03	60.02	18.91	-0.33	0.37	0.02	0.33	0.78
48	fg3_m10_iso1_rotated	0	0.88	5	1	0.0	0.0	0.4910598871136178	-1.8671733982754743	2.8708747067426033	8.541211288008644e-05	0.001139752998781859	1.3228	0.10723234127199208	24	55.81	0.06	0.05	6.36	0.32	0.02	26.17	37.76	0.68	0.48	764	12.25	3.32	24.59	-0.05	-1.12	60.59	17.67	-0.25	0.84	0.05	0.25	-1.63
49	fg3_m10_iso1_rotated	0	0.98	5	1	0.0	0.0	0.5108337901718322	-1.85864482418815	2.8574462099377254	0.02243339963404665	0.01161522545838346	1.2385	0.11409770080957896	30	23.35	0.07	0.05	6.05	0.34	0.09	15.97	22.51	0.86	0.48	764	12.83	5.46	23.51	-0.06	-1.13	59.68	17.51	-0.12	0.4	0.06	0.12	0.23
50	fg3_m10_iso1_rotated	0	1.17	5	1	0.0	0.0	0.5010909719879484	-1.8501229244812811	2.820554891635471	-0.01734792279525924	-0.0032646293856393683	1.2543	0.08959465569307888	37	11.39	0.06	0.04	5.68	0.35	0.05	17.11	25.73	0.96	0.77	764	13.22	3.44	23.92	0.03	-1.15	59.97	16.61	-0.21	0.48	0.03	0.21	-1.07
51	fg3_m10_iso1_rotated	0	1.47	5	1	0.0	0.0	0.523177746237002	-1.8598053312336984	2.8176008556190033	-0.00807789030081208	-0.002420035483512009	1.22	0.09669320584548596	43	62.19	0.06	0.04	6.02	0.36	0.08	18.24	30.81	0.86	0.48	764	13.2	5.07	24.93	0.06	-1.2	59.78	17.82	-0.17	0.43	0.06	0.17	0.37
52	fg3_m10_iso1_rotated	0	1.76	5	1	0.0	0.0	0.5115750782310525	-1.848998965893824	2.8327114782706184	-0.023436129091469138	-0.0053673945108549575	1.298	0.09951456837897477	50	60.15	0.07	0.04	5.73	0.34	0.16	14.71	21.07	0.96	0.48	764	11.78	5.96	24.5	0.1	-1.16	61.79	16.05	0.18	0.24	0.1	0.18	-0.4
53	fg3_m10_iso1_rotated	0	1.96	5	1	0.0	0.0	0.5145942028716624	-1.8358767298813883	2.7632370709493266	-0.01858702380509325	-0.054528602105446335	1.261	0.13443986275584438	57	12.11	0.06	0.05	6.03	0.33	0.06	24.02	29.44	0.68	0.64	764	13.26	5.7	23.98	-0.02	-1.14	62.12	16.2	0.39	0.26	0.02	0.39	-0.43
54	fg3_m10_iso1_rotated	0	0.05	6	1	0.0	0.0	0.5362767430773936	-1.9265075223717052	2.9935905155653373	-0.07451680111005972	-0.04751883225258149	1.4622	0.07760182180198295	6	76.89	0.1	0.08	9.2	0.28	0.05	33.5	30.31	0.86	0.48	764	12.54	2.9	24.33	-0.07	-0.86	69.61	20.56	-0.1	0.12	0.07	0.1	-1.41
55	fg3_m10_iso1_rotated	0	0.29	6	1	0.0	0.0	0.5431581152510595	-1.9041641361356676	2.9282737285783806	-0.04061866242879021	-0.0219458531125581	1.3778	0.13725303836562375	11	21.56	0.07	0.06	6.95	0.33	0.02	15.48	15.96	0.68	0.77	764	12.68	1.66	24.52	-0.07	-1.08	61.42	19.68	-0.34	0.55	0.07	0.34	1.12
56	fg3_m10_iso1_rotated	0	0.59	6	1	0.0	0.0	0.4992478443532004	-1.8789843126775136	2.873829440415561	-0.01646433744702996	-0.0004749678543658584	1.3332	0.08928068197832215	18	8.65	0.07	0.04	6.5	0.35	0.07	15.59	20.93	0.68	0.48	764	12.77	3.08	25.19	0.01	-1.06	60.53	19.68	-0.2	0.47	0.01	0.2	-0.14
57	fg3_m10_iso1_rotated	0	0.88	6	1	0.0	0.0	0.4883575683762042	-1.867185539751667	2.87292702127029	0.0071622747482291095	0.003229271842578818	1.3177	0.10217743520265976	25	13.71	0.08	0.05	6.4	0.35	0.03	28.46	41.37	0.68	0.48	764	12.45	0.65	25.36	-0.11	-1.12	59.19	17.74	-0.42	0.85	0.11	0.42	-1.1
58	fg3_m10_iso1_rotated	0	0.98	6	1	0.0	0.0	0.5097799071186833	-1.8551482137435331	2.8546690035182323	0.009145948689614698	0.009904161996910391	1.2221	0.15974528015407982	31	53.38	0.06	0.07	9.05	0.37	0.07	4.05	7.08	0.96	0.21	764	12.44	8.48	25.51	0.16	-1.08	60.63	17.23	-0.36	0.58	0.16	0.36	-1.29
59	fg3_m10_iso1_rotated	0	1.17	6	1	0.0	0.0	0.5036490552146509	-1.8503829847671516	2.822850706836461	0.02211903357510091	0.0025052306717412197	1.2595	0.08982843104754343	38	3.57	0.06	0.04	5.74	0.36	-0.02	13.12	18.76	0.86	0.77	764	12.94	2.45	25.4	-0.01	-1.2	59.19	17.51	-0.42	0.65	0.01	0.42	1.09
60	fg3_m10_iso1_rotated	0	1.47	6	1	0.0	0.0	0.5326432754494568	-1.8667820826564825	2.8250675712823368	0.0028172446180772764	-0.0010884706199635725	1.2186	0.15239079340962688	44	47.44	0.07	0.05	6.5	0.35	0.04	19.7	23.36	0.68	0.64	764	13.06	2.92	25.25	-0.07	-1.14	60.22	17.29	-0.15	0.54	0.07	0.15	-0.24
61	fg3_m10_iso1_rotated	0	1.76	6	1	0.0	0.0	0.5129790724376528	-1.8479891354883293	2.7975348972554963	-0.02390563682101892	-0.022446658299722696	1.2603	0.11375871299018127	51	17.03	0.07	0.05	6.33	0.35	0.22	17.87	23.94	0.68	0.48	764	14.24	2.69	24.56	-0.05	-1.0	62.01	16.08	0.18	0.28	0.05	0.18	-0.36
62	fg3_m10_iso1_rotated	0	1.96	6	1	0.0	0.0	0.5029447274961081	-1.830954825436271	2.8058852389544504	-0.0104133486407359	-0.015805629123693897	1.2884	0.11510668594489964	58	67.84	0.06	0.05	6.33	0.34	0.04	10.55	19.81	0.86	0.48	764	13.15	3.48	24.42	-0.02	-1.18	62.64	15.58	0.2	0.48	0.02	0.2	1.05
0	fg3_m10	0	0.05	0	1	0.0	0.0	0.5259936135038357	-1.9190141152644669	3.0166111163345564	-0.027280423227555927	-0.024050786148456363	1.4825	0.09703630368512237	0	0.25	0.03	0.06	8.54	0.55	0.12	1.25	4.45	0.68	0.48	764	12.57	1.15	64.04	-0.03	-1.26	73.55	22.44	0.22	0.22	0.03	0.22	-1.1
1	fg3_m10	1	0.39	0	1	0.0	0.0	0.4900511168058882	-1.8917450174333983	2.875661580122369	-0.019919021588382442	-0.0001951381227884085	1.3375	0.06982432497832804	7	0.99	0.04	0.07	8.16	0.59	0.16	1.82	7.28	0.68	0.48	764	12.99	2.97	64.06	-0.05	-1.28	68.46	22.4	-0.1	0.15	0.05	0.1	1.12
2	fg3_m10	1	0.59	0	1	0.0	0.0	0.4945531630035672	-1.8260326478055315	2.8996480114902856	0.045548877402034726	0.03158967982834249	1.1203	0.3354508340812822	14	53.36	0.04	0.05	8.58	0.64	0.44	2.42	10.66	0.68	0.48	1234	17.1	3.98	66.03	-0.07	-1.32	62.82	19.16	0.38	0.3	0.07	0.38	-1.53
3	fg3_m10	1	0.98	0	1	0.0	0.0	0.5037267041657757	-1.8563329600241705	2.839497613287987	0.02810101450201196	0.046805419218247685	1.2447	0.11985521081778025	21	3.13	0.03	0.03	8.1	0.61	0.17	5.9	21.05	0.96	0.77	764	14.51	4.97	62.17	0.06	-1.31	69.71	18.35	0.04	0.7	0.06	0.04	0.84
4	fg3_m10	1	1.96	0	1	0.0	0.0	0.5434051219239784	-1.9052120548968483	2.9258360061281428	0.06584631358350704	-0.0051753877326750535	1.3606	0.13929238925102294	27	70.23	0.03	0.04	6.44	0.59	0.06	8.54	23.87	0.96	0.77	764	11.92	3.82	66.25	-0.01	-1.36	70.6	18.76	0.09	0.49	0.01	0.09	0.19
5	fg3_m10	1	2.93	0	1	0.0	0.0	0.508638115039456	-1.9130567319189684	2.8900672766376863	-0.024624447333888026	-0.01177997601417837	1.4752	0.13476886522676965	34	35.18	0.04	0.04	7.54	0.59	0.2	2.56	8.97	0.86	0.48	764	13.15	0.54	64.22	-0.11	-1.31	71.47	17.47	0.94	0.34	0.11	0.94	0.42
6	fg3_m10	1	3.91	0	1	0.0	0.0	0.5094952079255036	-1.9335938551610377	2.9297110075677204	-0.041533056469852274	-0.06719349962574839	1.7764	0.13288057881598062	41	6.91	0.03	0.04	7.3	0.57	0.05	1.76	5.37	0.86	0.48	764	12.83	2.35	62.25	-0.07	-1.26	73.61	16.32	1.1	0.88	0.07	1.1	-2.02
7	fg3_m10	1	4.01	0	1	0.0	0.0	0.5270782924716334	-1.9477810607175392	2.980994078267641	-0.047078117554155335	-0.06815751148928112	1.7587	0.09153136688739397	48	71.06	0.03	0.03	7.38	0.52	-0.25	5.01	6.18	0.86	0.77	368	11.29	1.54	56.62	-0.04	-1.19	85.52	17.11	0.58	-0.31	0.04	0.58	0.51
8	fg3_m10	1	4.11	0	1	0.0	0.0	0.5299386307123948	-1.5832122452042714	3.039382651045988	-0.007907703230157019	-0.1056972015932065	2.002	0.26730425184165385	55	60.19	0.04	0.04	8.04	0.54	-0.19	3.08	7.93	0.86	0.48	764	11.37	6.48	63.51	-0.09	-1.36	75.48	17.2	1.2	0.89	0.09	1.2	1.54
9	fg3_m10	1	5.85	0	1	0.0	0.0	0.5374027017169308	-2.046254725924868	3.255916020512565	-0.03459552385461556	-0.17897175772969215	2.4344	0.2294924619003896	62	14.98	0.03	0.02	5.92	0.5	0.22	4.98	6.55	0.68	0.77	759	12.88	0.87	52.42	0.01	-1.36	80.49	15.0	1.43	1.74	0.01	1.43	1.26
10	fg3_m10	1	6.24	0	1	0.0	0.0	0.5358162023863658	-2.120666725734321	3.241997434043947	-0.0853581067829177	-0.23328934701132664	2.4327	0.2275086211809379	69	34.7	0.04	0.04	7.71	0.42	0.09	7.02	8.41	0.68	0.48	368	10.3	6.51	44.53	0.06	-1.33	92.8	13.14	1.41	1.44	0.06	1.41	1.28
11	fg3_m10	1	6.83	0	1	0.0	0.0	0.5303677874687576	-2.098571441154021	3.2755941537037523	-0.11129475684939777	-0.2393707423046549	2.4869	0.3136346105606769	76	40.18	0.05	0.04	7.65	0.41	0.05	2.92	3.17	0.68	0.48	368	11.27	5.1	42.62	0.05	-1.29	94.05	14.5	1.16	0.3	0.05	1.16	0.08
12	fg3_m10	1	7.8	0	2	5.3071291787818655	44.23845998088859	0.5195561586478906	-1.9951986853313632	3.214646052488833	-0.0544017312346285	-0.21366421773622432	2.5833	0.2521068633442966	83	11.34	0.04	0.03	6.0	0.44	0.1	11.55	15.66	0.68	0.48	751	12.21	9.32	43.56	0.01	-1.35	80.76	14.32	1.36	1.12	0.01	1.36	-1.37
22	fg3_m10	0	11.18	0	1	0.0	0.0	0.5140411500592862	-2.1808992282765867	3.3541797723038664	-0.16583519178282086	-0.3276512697501617	2.8653	0.16767581503618828	154	12.1	0.05	0.03	6.28	0.37	0.68	10.46	24.7	0.86	0.64	651	53.39	5.29	34.91	-0.04	-1.37	89.72	12.77	1.56	1.81	0.04	1.56	-0.71
23	fg3_m10	0	11.64	0	1	0.0	0.0	0.5139588971974223	-2.148516055842588	3.3381735858127266	-0.08154723946720584	-0.2571888842350208	2.591	0.17364169425241802	161	10.02	0.04	0.04	6.33	0.37	0.05	4.69	7.89	1.36	0.48	622	16.38	9.55	34.52	0.07	-1.27	90.08	12.44	1.35	1.7	0.07	1.35	0.74
27	fg3_m10	0	0.05	1	1	0.0	0.0	0.5921715538451583	-1.6979806973669833	3.4551842911439	0.028104544708835017	0.0724581246764716	0.6308	0.08058620202241258	1	6.41	0.06	0.06	11.19	0.81	0.83	19.95	15.97	0.68	0.48	866	22.18	24.79	118.28	-0.01	-1.5	63.22	18.06	-0.49	0.29	0.01	0.49	-0.57
28	fg3_m10	1	0.39	1	1	0.0	0.0	0.5984198419043092	-1.6668996442494128	3.29867523815132	0.00928858231710517	0.0507379377948972	0.6042	0.10300897373014113	8	6.35	0.04	0.07	12.76	0.81	0.83	4.59	4.62	0.43	0.48	823	21.49	39.82	123.1	-0.02	-1.45	66.44	19.09	-0.31	0.29	0.02	0.31	2.42
29	fg3_m10	1	0.59	1	1	0.0	0.0	0.5248170832692031	-1.7285082510962082	3.3284163873266497	-0.021190656809682115	0.08457815223714785	0.5669	0.18656230537893428	15	1.82	0.03	0.04	12.59	0.78	0.84	22.23	4.69	0.61	0.48	853	23.72	18.08	120.24	0.11	-1.41	77.74	18.69	0.02	0.17	0.11	0.02	-0.37
31	fg3_m10	1	1.96	1	1	0.0	0.0	0.5109199142053941	-1.6809404783620736	3.2636639249032653	-0.03175309119012098	0.03130959123205897	0.7504	0.11412085372143163	28	0.66	0.05	0.06	14.16	0.78	0.8	4.68	4.6	0.86	0.48	745	19.03	4.22	121.84	-0.0	-1.45	76.9	17.41	-0.09	-0.4	0.0	0.09	-0.65
32	fg3_m10	1	2.93	1	1	0.0	0.0	0.5313721749656455	-1.7570242920242298	3.258973657384155	-0.020946058111599018	0.025581265371286573	0.7909999999999999	0.15383737884365015	35	0.66	0.04	0.05	12.07	0.77	0.78	7.66	7.78	0.86	0.48	718	18.68	6.5	122.31	-0.03	-1.46	77.7	16.71	0.36	-0.37	0.03	0.36	-0.31
33	fg3_m10	1	3.91	1	1	0.0	0.0	0.5360640576720509	-1.7832504644666884	3.316037479421704	-0.045525674710327715	0.015976131263708372	0.8761	0.10670752707603624	42	0.43	0.04	0.05	11.46	0.75	0.8	2.97	1.6	0.68	0.48	571	17.94	1.11	113.11	-0.05	-1.38	85.79	14.44	0.51	-0.03	0.05	0.51	0.67
34	fg3_m10	1	4.01	1	1	0.0	0.0	0.526828245980455	-1.8065693315065725	3.314682903789244	-0.04271537505424095	0.02420381674190895	0.8743	0.07393547560759756	49	0.68	0.02	0.03	10.73	0.75	0.8	5.95	5.04	0.96	0.48	583	17.71	4.23	112.54	-0.0	-1.39	84.3	15.48	0.26	-0.59	0.0	0.26	-0.78
35	fg3_m10	1	4.11	1	2	4.529222142591872	10.516712461692787	0.5806697503333219	-1.7268500400352709	3.3099601466432182	0.047695093252037725	0.036161487103069614	0.9075	0.3174804456790105	56	0.99	0.02	0.05	11.12	0.76	0.85	17.57	4.21	0.96	0.48	583	18.0	22.55	115.21	-0.06	-1.38	85.49	16.77	0.29	-0.56	0.06	0.29	0.48
36	fg3_m10	1	5.85	1	1	0.0	0.0	0.5589760716559158	-1.81546932729446	3.6733714012194696	-0.0465864576455483	0.007895389397495744	1.1614	0.21887599558734133	63	0.69	0.02	0.04	10.27	0.68	0.79	4.78	5.48	0.96	0.48	436	13.51	12.48	98.82	0.06	-1.35	92.74	13.33	0.5	-0.07	0.06	0.5	-0.96
37	fg3_m10	1	6.24	1	1	0.0	0.0	0.5585009731152643	-1.884171257113998	3.5734998541919727	-0.04733303874799322	0.01938618354515914	1.1929	0.27338513856733376	70	1.28	0.02	0.04	11.12	0.79	0.77	2.52	5.09	0.68	0.48	722	37.17	1.39	131.59	0.01	-1.56	86.2	13.59	0.71	0.1	0.01	0.71	0.35
38	fg3_m10	1	6.83	1	1	0.0	0.0	0.5622318355770963	-1.942122096689152	3.718900039150159	-0.16509562723944105	0.026298131618151616	1.2591	0.18543782846944565	77	52.74	0.02	0.03	12.42	0.75	0.1	1.96	3.87	0.68	0.48	620	18.88	8.26	122.73	0.01	-1.53	90.14	10.94	1.11	1.28	0.01	1.11	1.42
44	fg3_m10	0	9.76	1	1	0.0	0.0	0.5420738127504706	-1.882101343108105	3.6995434743007203	-0.08385102455736966	0.030634812662399088	1.3692	0.21317268682117	112	63.24	0.03	0.03	9.04	0.69	0.01	1.37	2.09	0.68	0.77	476	17.43	6.77	100.65	-0.01	-1.47	92.88	10.31	1.08	0.81	0.01	1.08	0.67
45	fg3_m10	0	9.95	1	1	0.0	0.0	0.5497679866300258	-1.895167487618576	3.6571108224051945	-0.13359014355339724	-0.006915169398852446	1.3574	0.22615273424596494	118	3.47	0.03	0.02	7.1	0.7	0.77	2.67	4.13	0.96	0.77	475	17.98	7.24	102.06	0.06	-1.47	93.83	8.73	1.04	0.94	0.06	1.04	-0.78
46	fg3_m10	0	10.15	1	1	0.0	0.0	0.5591203069304659	-1.9200435570985557	3.506241143965819	-0.12153006098007545	-0.0020396473959082666	1.3872	0.3204640142609255	124	2.16	0.03	0.03	12.48	0.68	0.77	2.4	5.42	0.96	0.48	489	16.8	7.92	99.74	0.0	-1.46	94.8	9.82	0.82	0.32	0.0	0.82	-0.29
47	fg3_m10	0	10.35	1	1	0.0	0.0	0.5507055865696465	-1.910136231255259	3.7589333874466266	-0.13571793950668626	-0.05027467864413927	1.4477	0.10961717796522713	129	1.04	0.04	0.03	12.03	0.69	0.77	15.06	29.46	0.96	0.48	486	17.26	8.88	101.45	0.01	-1.47	94.31	11.17	0.97	0.11	0.01	0.97	0.52
48	fg3_m10	0	10.54	1	1	0.0	0.0	0.5441156772806985	-1.8879200007233528	3.472024435150333	-0.16362130216215787	0.008942455626413895	1.3872	0.2995573174921148	136	3.0	0.04	0.03	12.86	0.75	0.77	0.39	3.16	0.68	0.48	583	34.73	11.07	112.11	0.0	-1.49	91.39	8.56	1.3	2.02	0.0	1.3	-0.1
49	fg3_m10	0	10.74	1	1	0.0	0.0	0.5477957584813926	-1.8505498993156089	3.741576925761882	-0.13674893298511473	-0.035166305621525576	1.318	0.3020072003531213	142	43.79	0.04	0.04	11.5	0.75	0.81	0.57	1.01	0.68	0.48	587	39.0	10.38	113.33	0.02	-1.47	92.28	11.48	1.0	1.5	0.02	1.0	0.08
50	fg3_m10	0	11.13	1	1	0.0	0.0	0.5417514824620798	-1.9095597186743236	3.6904342460708164	-0.15191214011564855	-0.003323052263418548	1.463	0.28726504093514504	148	0.37	0.05	0.03	13.01	0.75	0.77	13.87	28.83	0.68	0.48	559	29.88	9.41	110.75	0.01	-1.47	91.81	10.92	0.93	0.2	0.01	0.93	-0.09
51	fg3_m10	0	11.18	1	1	0.0	0.0	0.5388706139408045	-1.88903031923145	3.662906421947428	-0.10759253438475516	-0.21559345405978408	1.4686	0.29138366570874463	155	2.34	0.04	0.03	12.79	0.74	0.79	1.62	2.99	0.68	0.48	551	32.92	10.25	110.48	0.02	-1.5	93.09	10.65	0.73	-0.18	0.02	0.73	0.43
52	fg3_m10	0	11.64	1	1	0.0	0.0	0.5454655678222009	-1.8746378891546829	3.5563742819331026	-0.10206928278191564	-0.006364346818369874	1.4121	0.2803379722311104	162	49.77	0.04	0.04	12.0	0.74	0.5	0.06	0.14	0.86	0.77	517	27.97	7.99	106.54	-0.0	-1.47	91.96	10.13	0.81	0.32	0.0	0.81	0.85
53	fg3_m10	0	12.13	1	1	0.0	0.0	0.5370585471914127	-1.8715935623339768	3.667682162204213	-0.08314771874501982	0.027751709095878613	1.4106	0.16882224531832635	169	23.46	0.07	0.05	18.27	0.73	0.77	1.06	2.36	1.09	0.48	510	33.77	9.1	103.43	-0.02	-1.47	92.13	10.53	0.88	0.3	0.02	0.88	-0.62
54	fg3_m10	0	12.61	1	1	0.0	0.0	0.5231377289482771	-1.8134412573900538	3.594630403445235	-0.09344684090221853	-0.37585241784620255	1.4152	0.13259916950655928	174	2.81	0.04	0.03	11.72	0.73	0.77	2.84	4.3	0.68	0.77	485	32.24	7.51	100.96	0.06	-1.43	91.35	9.91	0.7	-0.03	0.06	0.7	-1.77
55	fg3_m10	0	13.1	1	1	0.0	0.0	0.5079139633796045	-1.7834968600863876	3.4693796815147406	-0.06686932612437765	-0.0751951564294681	1.4774	0.17737531150314978	180	5.57	0.05	0.03	14.88	0.71	0.77	1.18	0.95	0.43	0.77	471	29.21	15.05	98.91	0.06	-1.43	94.12	6.91	0.01	0.08	0.06	0.01	1.14
56	fg3_m10	0	13.4	1	1	0.0	0.0	0.5114592122841717	-1.774323359453772	3.4664040379281653	-0.08956882334954827	-0.2977806602130791	1.4613	0.29234050665175604	186	8.47	0.06	0.03	13.89	0.71	0.77	1.37	1.02	0.68	0.77	457	28.86	13.1	94.97	0.05	-1.47	91.43	10.18	0.6	-0.62	0.05	0.6	-0.04
57	fg3_m10	0	0.05	2	1	0.0	0.0	0.5730297798376949	-1.7239796173394255	3.346709464475321	0.011932516329476534	0.0356416597260749	0.6942	0.17193633362977973	2	1.58	0.02	0.04	11.78	0.79	0.82	10.4	10.62	0.86	0.77	943	22.61	4.06	119.31	-0.01	-1.44	65.43	18.93	-0.09	-0.24	0.01	0.09	0.24
58	fg3_m10	1	0.39	2	2	14.246895982595284	6.341616862711063	0.5483237269938843	-1.6615608972204865	3.189014133962643	-0.05120100134632671	0.015181029473573544	0.6514	0.16481863067071406	9	1.22	0.04	0.05	10.74	0.8	0.8	4.9	6.07	0.86	0.48	798	21.31	10.52	116.64	0.03	-1.39	69.23	16.66	-0.13	-0.06	0.03	0.13	0.1
59	fg3_m10	1	0.59	2	1	0.0	0.0	0.6238484837320469	-1.562686239762442	3.1166841062610082	0.09159837584879643	0.02421638862283706	0.7702	0.3851019582929076	16	5.37	0.04	0.05	18.83	0.73	0.77	5.77	7.57	1.09	0.48	673	16.69	23.4	120.78	-0.13	-1.19	85.39	20.85	1.22	6.39	0.13	1.22	-0.41
60	fg3_m10	1	0.98	2	1	0.0	0.0	0.5998651146214311	-1.7022262953944252	3.0157823397953534	0.03554657442559828	0.02382975823866165	0.6863	0.3281788085044376	22	0.39	0.05	0.06	16.41	0.75	0.77	21.11	23.91	0.68	0.77	828	18.24	6.59	122.58	-0.03	-1.41	76.76	18.53	0.0	-0.08	0.03	0.0	-0.3
61	fg3_m10	1	1.96	2	1	0.0	0.0	0.5160301508398173	-1.7617939469265416	3.2512211542949183	-0.052109045678232574	0.013506386518058505	0.8311	0.1805598635575688	29	1.11	0.04	0.04	14.48	0.77	0.77	17.64	22.43	1.09	0.48	825	20.34	3.19	119.12	-0.09	-1.41	75.6	19.52	0.25	-0.36	0.09	0.25	1.72
62	fg3_m10	1	2.93	2	1	0.0	0.0	0.4798406855336013	-1.734008057885169	3.157773558435084	-0.04847738176216705	0.0006060656630962214	0.8381	0.11633253575811035	36	1.51	0.03	0.04	9.02	0.76	0.74	16.74	17.99	0.68	0.77	825	19.19	7.76	120.75	0.06	-1.4	76.71	17.88	0.55	0.12	0.06	0.55	-1.63
63	fg3_m10	1	3.91	2	1	0.0	0.0	0.4947314468286178	-1.832380115250437	3.2421114771620423	-0.07525648539286894	-0.0019605816712587303	0.9344	0.09579432588970783	43	0.63	0.03	0.04	14.22	0.75	0.76	3.88	4.94	1.09	0.48	660	17.92	5.09	111.59	0.04	-1.38	79.82	19.5	0.5	-0.38	0.04	0.5	0.52
64	fg3_m10	1	4.01	2	1	0.0	0.0	0.5244354025815194	-1.8337909655788875	3.2934667770671258	-0.06503345016570336	0.005427504721441568	0.922	0.10869362134404907	50	1.17	0.02	0.03	13.03	0.74	0.77	3.73	4.83	1.09	0.48	655	17.51	5.07	111.04	0.01	-1.38	81.6	16.69	0.8	-0.0	0.01	0.8	0.61
65	fg3_m10	1	4.11	2	1	0.0	0.0	0.5418371439305859	-1.8453317252979988	3.4030678504188847	0.011392017741945407	0.029146978220033745	0.9446	0.28830388888031033	57	0.29	0.02	0.04	13.01	0.74	0.78	3.02	4.2	0.61	0.48	804	18.08	13.42	136.19	-0.31	-0.86	87.53	28.92	2.36	6.61	0.31	2.36	-0.06
66	fg3_m10	1	5.85	2	1	0.0	0.0	0.5397563553242164	-1.9958649969315283	3.2549899756715637	-0.03543233536989437	-0.00929846692095577	1.4065	0.30200167083159496	64	0.38	0.02	0.03	8.53	0.67	0.57	14.49	14.07	0.86	0.77	797	15.07	10.15	109.82	0.09	-1.34	87.53	16.12	1.14	1.38	0.09	1.14	-0.31
67	fg3_m10	1	6.24	2	1	0.0	0.0	0.5113309090493838	-1.9733544733958548	3.3429469846830577	-0.09545291794900704	-0.0497563341053508	1.5011	0.3700975091600663	71	1.05	0.03	0.03	17.15	0.58	0.64	6.82	6.01	1.09	0.48	366	10.71	12.56	78.48	0.01	-1.04	97.87	16.71	0.83	0.22	0.01	0.83	1.03
68	fg3_m10	1	6.83	2	1	0.0	0.0	0.5318658367714681	-2.0051207758366423	3.4682369057016023	-0.1311321134474919	-0.03497848562699628	1.6545	0.2772422299351965	78	0.93	0.03	0.04	15.82	0.62	0.63	5.69	8.38	1.09	0.48	583	11.95	9.72	95.85	0.07	-1.35	92.65	15.08	1.45	1.72	0.07	1.45	-0.53
69	fg3_m10	1	7.8	2	1	0.0	0.0	0.5242553375218584	-1.9896511785609357	3.407688654402712	-0.1014282304963938	-0.011917808688413094	1.6213	0.2812600069439866	84	0.04	0.03	0.04	14.6	0.7	0.58	15.27	18.7	0.86	0.48	766	16.27	12.67	109.96	0.06	-1.44	89.97	17.03	1.48	1.63	0.06	1.48	-1.13
74	fg3_m10	0	9.76	2	1	0.0	0.0	0.5355439143565071	-2.1034103142222844	3.481316821768526	-0.15824522735190052	-0.05968606644558248	1.8653	0.1911093331960518	113	23.99	0.02	0.02	10.04	0.73	0.73	1.71	1.66	1.09	0.77	884	21.97	5.0	117.82	-0.01	-1.51	92.75	14.02	1.54	2.3	0.01	1.54	1.47
75	fg3_m10	0	9.95	2	1	0.0	0.0	0.5515481111591678	-2.1231467552452883	3.4686536993705817	-0.13455516347225355	-0.001974087705733125	1.8339	0.16196403270804546	119	0.06	0.02	0.03	14.02	0.67	0.58	3.36	4.88	1.09	0.48	722	15.91	14.62	106.67	-0.04	-1.47	97.77	13.68	1.05	1.01	0.04	1.05	1.87
76	fg3_m10	0	10.15	2	1	0.0	0.0	0.5411823424300982	-2.093476714805854	3.4659203248952632	-0.10862618243111646	-0.009273327056224977	1.8339	0.12519535694397968	125	53.48	0.03	0.04	14.65	0.75	0.6	2.47	1.8	0.68	0.48	861	34.86	22.46	116.69	0.07	-1.51	92.19	14.84	1.25	1.58	0.07	1.25	-0.23
77	fg3_m10	0	10.35	2	1	0.0	0.0	0.5317570149024424	-2.1052094789406253	3.457026891659152	-0.13618027396402668	-0.029506652522632862	1.8508	0.0727789402293639	130	49.96	0.03	0.03	14.63	0.74	0.42	1.61	1.25	0.86	0.48	838	26.1	11.44	117.17	0.01	-1.52	93.33	14.34	1.47	1.88	0.01	1.47	1.06
78	fg3_m10	0	10.54	2	1	0.0	0.0	0.5269906764375883	-2.0814806778376083	3.52637492513642	-0.14477350247461998	-0.008589211069407647	1.8042	0.1072259713213394	137	68.45	0.02	0.03	15.07	0.74	0.84	2.4	2.08	0.96	0.48	825	100.53	7.62	114.98	-0.02	-1.5	92.31	14.14	1.57	2.2	0.02	1.57	-0.21
79	fg3_m10	0	10.74	2	1	0.0	0.0	0.5340732638500607	-2.0943614112344395	3.604858042623802	-0.13892213928956565	-0.06545293555876835	1.778	0.1334279420622329	143	0.41	0.03	0.04	16.37	0.55	0.65	7.02	6.06	1.09	0.48	364	11.2	13.69	76.26	0.02	-1.09	105.01	15.98	0.55	-0.29	0.02	0.55	1.47
80	fg3_m10	0	11.13	2	1	0.0	0.0	0.5416800754919041	-2.1166172521419857	3.552464070577233	-0.1504424124571269	-0.030513712102431957	1.8763	0.10363971163878688	149	71.9	0.03	0.03	12.3	0.74	0.74	0.62	0.26	0.86	0.48	816	55.73	16.78	115.7	0.09	-1.51	92.93	13.92	1.46	1.99	0.09	1.46	0.26
81	fg3_m10	0	11.18	2	1	0.0	0.0	0.5489165157794575	-2.1605871115087307	3.579127071331504	-0.16329899784004068	-0.08687742034360592	1.9373	0.1014030613430494	156	72.23	0.04	0.04	15.12	0.74	0.31	1.4	1.1	0.86	0.48	804	23.68	10.61	116.5	0.02	-1.49	92.83	16.22	1.06	0.76	0.02	1.06	-1.32
82	fg3_m10	0	11.64	2	1	0.0	0.0	0.5280511154425913	-2.1212859660085317	3.4897034698297436	-0.1902919238973556	-0.05926004240544039	1.8963	0.0658708546334783	163	4.56	0.03	0.04	13.66	0.74	0.89	1.99	1.57	0.96	0.48	760	36.33	9.84	114.59	-0.03	-1.49	94.17	15.01	1.28	1.03	0.03	1.28	1.01
83	fg3_m10	0	12.13	2	1	0.0	0.0	0.5347881303561394	-2.099321686430689	3.4405654101498544	-0.10324499724219993	-0.007834259450693722	1.8111	0.13401646982477794	170	74.95	0.02	0.03	12.04	0.74	0.68	0.69	0.41	0.96	0.48	785	55.65	11.61	115.05	0.02	-1.5	94.29	15.6	1.1	0.8	0.02	1.1	-0.26
84	fg3_m10	0	12.61	2	1	0.0	0.0	0.5513360496409145	-2.1467047682194567	3.5271953322302263	-0.15282687147857268	-0.04209079606033057	1.9092	0.17817896872794092	175	70.83	0.02	0.03	9.2	0.73	0.85	1.96	1.11	0.86	0.77	744	110.88	13.77	111.58	0.04	-1.51	94.37	14.89	1.44	1.41	0.04	1.44	-0.11
85	fg3_m10	0	13.1	2	1	0.0	0.0	0.5435104854738632	-2.174771019758329	3.6398656057083736	-0.1152246172113636	-0.18191881995056214	1.9714	0.11476339359863015	181	85.8	0.03	0.03	15.49	0.72	0.4	1.72	1.22	0.86	0.48	660	27.09	12.35	108.92	0.01	-1.48	96.69	14.6	1.22	1.22	0.01	1.22	1.94
86	fg3_m10	0	13.4	2	1	0.0	0.0	0.5325033649715822	-2.1495842716164804	3.5386859054997712	-0.24187485862079036	-0.14391787145865528	1.9418	0.11396237659452466	187	4.4	0.03	0.03	15.32	0.71	0.93	3.23	1.91	1.09	0.48	632	51.61	8.97	106.04	-0.03	-1.47	99.51	13.21	1.31	1.16	0.03	1.31	-0.09
87	fg3_m10	0	0.05	3	1	0.0	0.0	0.5221723563727091	-1.8997905328456612	3.0186256073673237	-0.05192247981150195	-0.0057675743944972935	1.3779	0.06544636850529048	3	1.73	0.02	0.05	7.62	0.68	0.3	7.15	15.57	0.96	0.77	764	13.19	20.64	83.86	-0.04	-1.19	75.78	22.16	0.29	0.4	0.04	0.29	0.23
88	fg3_m10	1	0.39	3	1	0.0	0.0	0.5541401707161175	-1.8055203785500955	3.0624481858134263	0.07688731510316202	0.013603684863160631	1.3216	0.2679273122263779	10	1.14	0.03	0.05	11.25	0.72	0.27	5.61	13.26	1.25	0.48	764	13.99	47.98	85.45	0.0	-1.23	71.75	24.29	0.14	0.38	0.0	0.14	0.75
89	fg3_m10	1	0.59	3	1	0.0	0.0	0.4753453123224257	-1.7948947657396566	2.66212592099596	0.04506741456410656	0.028820310107368963	1.0303	0.3248768290955749	17	20.0	0.04	0.05	11.53	0.74	0.09	3.26	7.68	1.09	0.48	1230	17.25	39.62	95.57	0.03	-1.22	71.28	21.28	0.63	-0.05	0.03	0.63	-0.4
90	fg3_m10	1	0.98	3	1	0.0	0.0	0.4921376097643502	-1.859012814521394	2.8457303303233514	0.02112927036602541	0.03064948981310125	1.1538	0.10439447499774478	23	7.62	0.02	0.04	9.22	0.69	0.28	4.3	6.48	1.09	0.48	764	12.92	8.0	89.71	-0.03	-1.23	77.64	21.2	0.3	0.09	0.03	0.3	0.72
91	fg3_m10	1	1.96	3	1	0.0	0.0	0.5201888389966007	-1.8744152805292784	2.9283816034616352	0.02969613906291358	0.009456296926425134	1.2836	0.1602557550038388	30	14.35	0.03	0.05	11.28	0.69	0.27	3.51	5.8	0.86	0.48	764	12.46	0.28	89.3	-0.03	-1.23	76.3	20.43	0.64	0.42	0.03	0.64	-0.41
92	fg3_m10	1	2.93	3	1	0.0	0.0	0.4905590799216655	-1.8927519366322056	2.9783597608746093	-0.024813473827356276	-0.0017382175601132887	1.3974	0.14491337837741886	37	2.47	0.02	0.03	6.59	0.68	0.34	6.58	11.66	0.96	0.77	764	12.04	1.36	87.45	-0.02	-1.23	76.36	19.5	0.87	0.46	0.02	0.87	-0.65
93	fg3_m10	1	3.91	3	1	0.0	0.0	0.5015425597464991	-1.9241253504166498	2.9913807593554247	-0.06313196059465816	-0.0093147696338376	1.5411	0.19264127912207604	44	7.7	0.03	0.05	10.25	0.67	0.33	1.99	3.03	0.86	0.48	764	12.38	3.61	85.75	-0.04	-1.27	77.18	19.64	0.91	0.48	0.04	0.91	0.49
94	fg3_m10	1	4.01	3	1	0.0	0.0	0.5010521613017243	-1.9351447735133784	3.0202237560892318	-0.05425582192192252	-0.0031043346897506553	1.5137	0.10479948452087312	51	3.16	0.03	0.05	10.31	0.68	0.33	2.33	4.32	0.86	0.48	764	13.29	10.05	83.39	-0.05	-1.22	77.9	19.4	1.09	0.61	0.05	1.09	0.34
95	fg3_m10	1	4.11	3	2	3.3860240913118886	17.408445812572793	0.5022071884473759	-1.6409364352250349	2.9441599908052285	0.028853916078918775	0.00682624805896652	1.6440000000000001	0.16088295424997065	58	6.71	0.04	0.05	22.14	0.7	0.41	17.85	28.39	1.72	0.48	1177	14.97	3.06	111.79	0.51	-0.61	85.55	26.75	0.58	-0.56	0.51	0.58	-1.56
96	fg3_m10	1	5.85	3	1	0.0	0.0	0.5370975798166946	-2.0512316018744765	3.2773888044927606	-0.02485519760271705	-0.1342321516844531	1.99	0.2306589528452893	65	10.41	0.03	0.04	10.89	0.62	0.42	2.27	4.11	1.09	0.48	698	12.27	2.36	86.53	-0.02	-1.32	87.01	17.99	1.32	1.35	0.02	1.32	-0.61
97	fg3_m10	1	6.24	3	1	0.0	0.0	0.5289957611383381	-2.0489714617547743	3.2996683261115383	-0.04914654332031509	-0.07052457728819886	1.9851	0.1735686098788647	72	2.52	0.02	0.03	11.42	0.6	0.45	1.75	3.05	1.09	0.48	714	11.47	1.23	86.5	0.06	-1.32	87.75	18.16	1.4	1.35	0.06	1.4	0.87
98	fg3_m10	1	6.83	3	1	0.0	0.0	0.5313975060928019	-2.037294586655281	3.239568172421436	-0.06569410884679076	-0.10321278473599786	1.9751	0.2049885674420364	79	7.54	0.03	0.04	11.49	0.63	0.37	13.43	28.8	0.68	0.48	731	13.03	3.15	85.9	-0.05	-1.24	89.61	16.52	1.29	2.01	0.05	1.29	1.62
99	fg3_m10	1	7.8	3	1	0.0	0.0	0.5470186350160843	-2.0090497985829368	3.3280800621710718	-0.045826868592417414	-0.020832172497609467	1.9438	0.4396077881760602	85	3.01	0.02	0.03	11.97	0.62	0.5	3.01	5.99	0.86	0.48	712	12.25	0.67	88.39	0.03	-1.25	90.03	16.51	1.41	1.55	0.03	1.41	1.17
103	fg3_m10	0	9.76	3	1	0.0	0.0	0.5422981882060631	-2.12996866260932	3.3928650364235913	-0.07154801864755703	-0.0762037749285954	2.1057	0.09682547287394554	114	0.45	0.04	0.03	12.22	0.57	0.48	4.48	6.11	0.86	0.48	666	11.49	0.74	87.41	-0.04	-1.33	97.63	13.57	1.53	2.14	0.04	1.53	1.44
104	fg3_m10	0	9.95	3	1	0.0	0.0	0.5388303822644738	-2.1499500622910683	3.4453851044546644	-0.09775450916184107	-0.08302066896407442	2.0994	0.16012731277309872	120	0.29	0.03	0.04	12.22	0.57	0.48	2.91	4.79	0.86	0.48	657	11.49	2.89	87.84	-0.01	-1.35	95.68	15.59	1.24	1.04	0.01	1.24	1.48
105	fg3_m10	0	10.15	3	1	0.0	0.0	0.5352914048027795	-2.144583667073071	3.4208771895192336	-0.12637578777197184	-0.11713577080105612	2.1164	0.21066244792172684	126	0.17	0.03	0.03	11.84	0.57	0.47	1.66	2.51	0.86	0.48	680	11.61	3.25	85.47	-0.04	-1.27	97.12	14.0	1.34	1.41	0.04	1.34	-1.05
106	fg3_m10	0	10.35	3	1	0.0	0.0	0.5436967764798022	-2.1674539652810028	3.4828986138292017	-0.12026648363894404	-0.12111814646670985	2.1119	0.16324758384935809	131	1.24	0.02	0.03	12.15	0.57	0.48	2.52	3.83	0.68	0.48	646	11.4	4.76	88.17	0.01	-1.33	96.3	14.62	1.37	1.81	0.01	1.37	-1.11
107	fg3_m10	0	10.54	3	1	0.0	0.0	0.529089410934056	-2.1441136649904005	3.4202618887973033	-0.122784141773741	-0.1663490723129099	2.1416	0.1179724723260618	138	0.79	0.03	0.04	12.37	0.58	0.48	2.6	3.76	0.86	0.48	665	11.95	3.92	85.25	0.0	-1.31	94.33	16.49	1.01	0.98	0.0	1.01	1.4
108	fg3_m10	0	10.74	3	1	0.0	0.0	0.5339323104770255	-2.1245093105506627	3.405656233948963	-0.11375065136440685	-0.11629215146347473	2.0796	0.22365821638261726	144	2.16	0.03	0.03	12.29	0.59	0.48	3.35	4.43	0.86	0.48	668	12.16	1.95	86.83	-0.04	-1.29	95.55	15.08	1.17	1.34	0.04	1.17	-1.39
109	fg3_m10	0	11.18	3	1	0.0	0.0	0.5385892808103779	-2.165024429648052	3.4512829040331234	-0.11742905085449395	-0.1637943087162819	2.2016	0.1282754241567789	157	1.99	0.03	0.03	12.7	0.67	0.47	2.04	2.82	0.86	0.48	776	15.33	2.64	99.8	0.01	-1.44	92.71	14.15	1.6	2.25	0.01	1.6	-0.48
110	fg3_m10	0	11.64	3	1	0.0	0.0	0.5291789672418565	-2.159752199444025	3.4919998213184598	-0.11170142622967068	-0.10930812391595032	2.1211	0.16613193862084152	164	46.17	0.03	0.03	12.63	0.71	0.89	7.27	13.09	0.86	0.48	752	96.0	0.55	101.92	0.0	-1.46	95.18	14.56	1.24	1.33	0.0	1.24	-0.17
111	fg3_m10	0	12.13	3	1	0.0	0.0	0.5112985165232704	-2.1077979232427038	3.4541539740077267	-0.10249345883641067	-0.06766479702543088	2.04	0.10254272912817923	171	61.72	0.04	0.04	15.51	0.72	0.56	6.73	6.09	0.86	0.48	798	38.6	2.2	105.48	0.01	-1.45	94.53	15.4	1.12	0.9	0.01	1.12	-1.32
112	fg3_m10	0	12.61	3	1	0.0	0.0	0.5382657677728483	-2.142251182654019	3.466772050686352	-0.08771872074711433	-0.08561120927876444	2.0646	0.1270393853270789	176	1.67	0.03	0.03	12.29	0.66	0.5	14.19	25.59	0.86	0.48	710	15.21	3.11	101.4	0.0	-1.47	95.93	14.27	1.51	1.96	0.0	1.51	1.89
113	fg3_m10	0	13.1	3	1	0.0	0.0	0.5266675524244264	-2.1720025965347025	3.509774545843188	-0.10531843903589884	-0.2773749431156876	2.1806	0.131206328702084	182	46.94	0.03	0.03	13.4	0.67	0.29	4.13	5.52	0.86	0.48	644	16.56	0.5	100.57	0.02	-1.42	99.43	14.33	0.93	0.44	0.02	0.93	0.98
114	fg3_m10	0	13.4	3	1	0.0	0.0	0.5343785947705739	-2.165753457689988	3.5026626044829747	-0.16248690915974132	-0.2860121716549298	2.0619	0.1670967980012528	188	0.59	0.03	0.03	13.31	0.68	0.51	3.78	3.84	0.86	0.48	619	31.67	0.02	98.84	-0.02	-1.42	100.05	14.43	0.79	0.17	0.02	0.79	-0.06
115	fg3_m10	0	0.05	4	1	0.0	0.0	0.5197206251164099	-1.9201275605472423	3.015961691297827	-0.0476356293207704	-0.015841517807632176	1.4201	0.06328767876737541	4	0.52	0.03	0.05	9.74	0.66	0.22	1.2	3.66	0.68	0.48	764	13.41	21.48	76.0	-0.05	-1.24	73.9	22.36	-0.02	0.36	0.05	0.02	-1.02
116	fg3_m10	1	0.39	4	1	0.0	0.0	0.4823357107438151	-1.878056992854032	2.8668942481298765	-0.0007470465234620205	0.005539133013536204	1.2813	0.06280060458905933	11	1.84	0.02	0.07	9.24	0.7	0.23	2.98	9.09	0.43	0.48	764	13.22	36.4	76.53	-0.08	-1.3	69.12	23.59	0.08	0.19	0.08	0.08	0.23
117	fg3_m10	1	0.59	4	1	0.0	0.0	0.5052242030423348	-1.8266051701298327	2.9999297683338644	0.03867127196962716	0.04885373596824619	1.0909	0.3051047669607093	18	9.4	0.04	0.05	9.29	0.68	0.52	3.57	10.52	0.68	0.48	1197	15.05	0.33	80.52	-0.04	-1.36	66.63	20.59	0.25	1.27	0.04	0.25	1.26
118	fg3_m10	1	0.98	4	1	0.0	0.0	0.5033942802844277	-1.849500809976446	2.715493419816501	0.033439278429203564	0.031786221576327406	1.217	0.13888042689282915	24	6.54	0.02	0.04	8.1	0.68	0.21	4.03	15.7	0.96	0.48	1256	15.37	5.25	74.35	-0.0	-1.31	62.68	19.45	0.43	0.71	0.0	0.43	0.15
119	fg3_m10	1	1.96	4	1	0.0	0.0	0.5329171518437059	-1.9113679956068441	2.987516189271555	0.028602110799783014	-0.012370774515943485	1.4041	0.19874324860261672	31	9.79	0.05	0.06	10.12	0.63	0.26	8.05	24.96	0.86	0.48	764	13.06	9.64	68.26	-0.0	-1.27	70.9	18.94	0.52	0.07	0.0	0.52	-0.64
120	fg3_m10	1	2.93	4	1	0.0	0.0	0.5036637087918358	-1.9087584556720318	2.9149204514955067	-0.02439349964238865	-0.0012924240091966713	1.4903	0.16341763682460364	38	8.88	0.03	0.04	8.4	0.62	0.15	1.95	6.07	0.68	0.48	764	13.75	3.89	67.51	-0.04	-1.27	72.22	17.45	0.96	0.73	0.04	0.96	0.21
121	fg3_m10	1	3.91	4	1	0.0	0.0	0.4982110579415146	-1.9347566532609144	2.9444574688434684	-0.09816149347922508	-0.05093757158483652	1.7537	0.19981600420690876	45	17.7	0.03	0.03	5.68	0.58	0.23	5.13	16.17	0.96	0.77	764	13.28	4.16	63.7	-0.02	-1.28	75.85	17.52	1.2	0.84	0.02	1.2	-0.25
122	fg3_m10	1	4.01	4	1	0.0	0.0	0.5113917453463996	-1.9612774286949208	2.972566489893877	-0.05669298623745132	-0.06581016946183033	1.7495	0.12715200825558615	52	10.59	0.03	0.03	7.82	0.58	0.09	1.06	3.27	0.96	0.48	764	12.36	6.99	66.3	0.01	-1.3	75.54	17.73	1.04	0.5	0.01	1.04	-0.43
123	fg3_m10	1	4.11	4	1	0.0	0.0	0.4932027690623219	-1.6589590688031424	2.8074101315396045	-0.009966923352932441	-0.017716837078237666	1.702	0.16719593592929755	59	19.81	0.03	0.06	7.67	0.61	0.13	4.68	10.83	0.68	0.48	764	13.52	30.27	60.12	-0.06	-1.28	73.87	18.02	0.95	0.39	0.06	0.95	-0.77
124	fg3_m10	1	5.85	4	1	0.0	0.0	0.5384628413145893	-2.030318414748837	3.232958229156733	0.0381629294068374	-0.1437121610650252	2.2358	0.2296539670326387	66	33.44	0.04	0.03	8.57	0.5	0.15	5.19	7.23	0.86	0.48	764	11.52	4.73	56.8	-0.06	-1.34	82.03	14.83	1.43	1.68	0.06	1.43	-1.21
125	fg3_m10	1	6.24	4	1	0.0	0.0	0.5206639348223383	-2.073816153498759	3.1378360993172163	-0.037839179987691374	-0.17904795764272047	2.3992	0.14564401793073814	73	14.85	0.04	0.04	7.5	0.46	0.12	3.67	4.34	0.68	0.48	368	10.18	11.9	51.04	0.04	-1.27	94.9	15.42	0.91	0.13	0.04	0.91	1.07
126	fg3_m10	1	6.83	4	1	0.0	0.0	0.5299917800825262	-2.126887401805149	3.31349496424284	-0.09122711416158387	-0.2886905292572225	2.4601	0.41712579370835423	80	44.9	0.03	0.03	7.86	0.5	0.17	10.6	23.6	1.09	0.48	749	12.27	6.93	55.91	0.04	-1.33	85.14	14.93	1.48	1.72	0.04	1.48	-1.34
127	fg3_m10	1	7.8	4	2	4.6348119593883155	32.302787465622785	0.5442520004740696	-1.8397936007578104	3.19785225920894	-0.06705505429823047	-0.17389973075575885	2.3319	0.27572643732391583	86	5.27	0.04	0.04	9.51	0.48	0.14	8.37	10.78	0.68	0.48	368	11.16	7.97	53.41	-0.05	-1.19	94.57	15.75	1.02	0.38	0.05	1.02	-1.56
134	fg3_m10	0	10.74	4	1	0.0	0.0	0.525075107578225	-2.129070816831996	3.2756782143124594	-0.08758012420939777	-0.2289219885815772	2.5398	0.17153629079056992	145	7.26	0.04	0.02	6.84	0.52	0.13	4.9	13.8	0.96	0.77	708	13.77	11.91	58.0	0.02	-1.35	90.23	14.28	1.24	0.88	0.02	1.24	-1.41
135	fg3_m10	0	11.13	4	1	0.0	0.0	0.5228099561804133	-2.1724699769126925	3.3656236534711184	-0.10020358333168808	-0.23456941266065026	2.5119	0.1631823776810724	151	4.8	0.04	0.02	9.59	0.51	0.16	4.64	10.43	0.68	0.48	660	13.5	11.18	60.14	0.05	-1.26	92.33	13.33	1.46	1.42	0.05	1.46	0.25
136	fg3_m10	0	11.64	4	1	0.0	0.0	0.5259219587948069	-2.175116699477005	3.3969334983559163	-0.0821172506582714	-0.28427178541582115	2.4756	0.15375293877186175	165	32.77	0.05	0.04	9.11	0.56	0.94	3.08	8.9	0.86	0.48	643	283.94	12.24	61.23	0.11	-1.35	92.19	13.89	1.16	0.94	0.11	1.16	-0.43
138	fg3_m10	0	0.05	5	1	0.0	0.0	0.4995277706304558	-1.8858566621682824	2.9932523696909663	-0.062543840105412	-0.005003040947942919	1.298	0.06816591409121887	5	1.13	0.02	0.04	7.92	0.72	0.42	8.97	20.61	0.61	0.77	1256	15.31	1.31	96.17	-0.03	-1.14	65.22	24.69	0.47	-0.05	0.03	0.47	0.08
139	fg3_m10	1	0.39	5	1	0.0	0.0	0.4695837269815463	-1.839803760948569	2.8411763381349022	-0.02260344029619117	0.004871077577543126	1.1385	0.07124434565299075	12	1.91	0.02	0.05	7.27	0.73	0.44	2.22	11.28	0.61	0.77	1254	14.8	6.59	98.3	-0.02	-1.18	64.33	22.77	0.7	0.53	0.02	0.7	-0.07
140	fg3_m10	1	0.59	5	1	0.0	0.0	0.5266406758598663	-1.7764034708517855	2.8028888797582856	0.029410529074813705	0.03302687922816788	0.9324	0.30939177277155017	19	3.44	0.03	0.07	15.65	0.73	0.56	11.01	26.51	0.68	0.48	1062	14.75	30.34	113.74	-0.1	-1.27	78.37	20.53	0.5	0.19	0.1	0.5	-1.85
141	fg3_m10	1	0.98	5	1	0.0	0.0	0.4964438389112839	-1.7836237694920067	2.692611079406153	0.042665439583760616	0.019057220472733685	1.0317	0.1351600282430615	25	3.09	0.02	0.05	8.11	0.73	0.45	2.98	12.88	0.43	0.77	1221	15.82	5.66	102.18	-0.1	-1.16	67.97	21.85	0.55	0.19	0.1	0.55	-0.52
142	fg3_m10	1	1.96	5	1	0.0	0.0	0.5026016326756177	-1.8526797648645243	2.9690535375582283	0.0164637599430777	0.004280788007565631	1.1639	0.10126416318390373	32	1.7	0.03	0.05	14.83	0.73	0.53	6.74	27.26	1.09	0.48	1201	15.72	9.35	100.66	0.08	-1.16	67.67	20.92	1.04	0.91	0.08	1.04	-0.25
143	fg3_m10	1	2.93	5	1	0.0	0.0	0.4769274088838358	-1.8601261723960492	2.9020568421484594	-0.006327375471370227	-0.0054615423483093005	1.2177	0.11794576960897442	39	1.35	0.02	0.04	7.85	0.71	0.46	2.42	7.53	0.68	0.77	1192	15.07	0.87	100.76	-0.07	-1.18	70.69	20.23	1.14	1.34	0.07	1.14	0.63
144	fg3_m10	1	3.91	5	1	0.0	0.0	0.4954811449016837	-1.92024703960099	3.0082203495875386	-0.06518670964730737	-0.009823463933641663	1.376	0.14179187628607398	46	2.17	0.02	0.03	7.84	0.69	0.51	3.5	13.37	0.68	0.77	1145	15.25	2.89	100.96	0.04	-1.26	74.29	18.71	1.42	2.11	0.04	1.42	0.29
145	fg3_m10	1	4.01	5	1	0.0	0.0	0.5032773619062128	-1.911841460199295	2.983621721210281	-0.044986590165879296	-0.013312144209121284	1.3602	0.09375878587974833	53	2.56	0.02	0.03	6.63	0.64	0.46	4.08	14.52	0.96	0.77	763	11.43	2.24	92.81	0.03	-1.11	78.63	20.98	0.87	0.46	0.03	0.87	-1.72
146	fg3_m10	1	4.11	5	1	0.0	0.0	0.5163757493798266	-1.7347054044483694	3.040972685140566	-0.004401897815998703	-0.011800416367253113	1.4311	0.3260604220744417	60	8.51	0.03	0.04	8.58	0.71	0.52	4.88	20.3	0.68	0.77	1099	15.72	15.12	104.37	-0.02	-1.31	76.1	17.63	1.58	2.35	0.02	1.58	0.08
147	fg3_m10	1	5.85	5	1	0.0	0.0	0.5411410448548504	-2.0110104310855834	3.3929417785091833	-0.07006321446621946	-0.016887673950676016	1.6815	0.36096034702271096	67	7.48	0.03	0.03	9.98	0.63	0.49	6.26	12.35	0.68	0.77	701	12.54	17.33	95.53	0.08	-1.16	89.54	16.97	1.46	1.68	0.08	1.46	0.82
148	fg3_m10	1	6.24	5	1	0.0	0.0	0.5293645133144786	-1.9794707694349247	3.2699485796955448	-0.07785750009943218	-0.08814461785394663	1.7369999999999999	0.20872055774897674	74	1.93	0.02	0.03	10.03	0.62	0.49	0.97	2.06	0.68	0.77	688	12.45	16.55	92.63	0.06	-1.26	89.93	17.23	1.48	1.71	0.06	1.48	0.59
149	fg3_m10	1	6.83	5	1	0.0	0.0	0.5456406966541208	-2.0777285197642343	3.3698180114565313	-0.08609924714116178	-0.05892914639613096	1.8165	0.1858492778860386	81	0.68	0.03	0.04	17.36	0.55	0.57	5.49	4.24	0.96	0.48	365	9.53	13.15	78.64	0.03	-1.11	100.31	17.01	1.0	0.29	0.03	1.0	-0.09
150	fg3_m10	1	7.8	5	1	0.0	0.0	0.544975749811355	-1.964470398091325	3.2687484694441777	-0.11389841019389507	-0.0221922098095773	1.8332	0.3671571295550869	87	0.61	0.03	0.02	9.01	0.63	0.5	3.28	5.58	0.86	0.77	689	13.36	8.62	93.18	-0.01	-1.26	93.17	15.45	1.66	2.16	0.01	1.66	-0.72
155	fg3_m10	0	9.76	5	1	0.0	0.0	0.539998633407518	-2.1509427817995648	3.429663223196435	-0.11584485881252395	-0.06600143437882088	2.0572	0.17293616589506164	116	0.51	0.02	0.03	9.55	0.65	0.48	4.19	6.04	0.68	0.77	802	15.13	13.69	101.99	0.02	-1.45	93.15	15.17	1.56	1.88	0.02	1.56	-0.39
156	fg3_m10	0	9.95	5	1	0.0	0.0	0.5408233346526996	-2.1404444069483124	3.4792627263624247	-0.16968317534537408	-0.09906040285987848	2.0707	0.11642654907900235	121	0.96	0.03	0.03	9.04	0.64	0.49	3.74	6.91	0.68	0.77	811	14.71	11.37	102.21	-0.03	-1.42	94.78	14.1	1.68	2.51	0.03	1.68	0.12
157	fg3_m10	0	10.15	5	1	0.0	0.0	0.5231387989966709	-2.082998327916552	3.4175353792215706	-0.1852085745181921	-0.03772912354606808	2.03	0.11685106146809253	127	4.96	0.03	0.03	10.75	0.72	0.6	2.55	3.29	0.68	0.77	904	23.0	22.0	110.45	0.08	-1.46	93.37	14.47	1.35	1.57	0.08	1.35	-0.9
158	fg3_m10	0	10.35	5	1	0.0	0.0	0.5463430803024697	-2.144110368050867	3.4378718813565783	-0.14157451542594587	-0.24034044353520065	2.0728	0.1317315896562684	133	1.19	0.03	0.03	12.01	0.64	0.49	4.18	6.6	0.68	0.48	781	14.91	11.71	101.83	0.02	-1.43	94.32	14.01	1.63	2.53	0.02	1.63	-0.31
159	fg3_m10	0	10.54	5	1	0.0	0.0	0.5257358666759108	-2.107781179470822	3.4256194865616325	-0.09101881195785017	-0.046201576723746286	2.0268	0.13761196229530764	140	1.12	0.03	0.03	8.83	0.65	0.51	15.88	25.16	0.61	0.77	785	15.3	14.09	102.37	-0.01	-1.44	93.61	15.6	1.05	1.0	0.01	1.05	0.88
160	fg3_m10	0	10.74	5	1	0.0	0.0	0.5372900412324525	-2.123834111309572	3.4891612347708283	-0.120015208624721	-0.1112380043512421	1.9797	0.09155806420857623	146	0.34	0.03	0.04	15.98	0.53	0.54	1.78	2.4	0.68	0.48	368	10.48	6.55	75.33	-0.05	-1.14	106.25	14.86	0.8	0.34	0.05	0.8	0.48
161	fg3_m10	0	11.13	5	1	0.0	0.0	0.528314626977518	-2.1161552814059537	3.4730761527712293	-0.15935633855717574	-0.15371093119756388	2.0278	0.13970246922940285	152	1.78	0.03	0.03	16.74	0.54	0.53	1.6	2.38	0.68	0.48	367	10.55	13.62	75.06	0.03	-1.14	104.95	14.99	0.76	-0.32	0.03	0.76	0.46
162	fg3_m10	0	11.18	5	1	0.0	0.0	0.5392615364852915	-2.1603919925120785	3.5292664660847723	-0.17486924168895848	-0.20162774880134968	2.0829	0.18659802969704709	159	69.83	0.02	0.03	9.06	0.73	0.79	1.64	1.66	0.68	0.77	808	70.06	12.78	110.86	0.04	-1.48	92.88	15.91	1.35	1.6	0.04	1.35	-1.42
163	fg3_m10	0	11.64	5	1	0.0	0.0	0.5398230883089861	-2.175561427361241	3.521057503524478	-0.18269894950395696	-0.03319713548722143	2.0475	0.08807640574832264	166	0.95	0.02	0.03	10.47	0.65	0.52	1.58	2.12	0.68	0.77	708	14.87	10.07	102.51	-0.01	-1.46	97.08	14.75	1.29	0.91	0.01	1.29	-0.99
164	fg3_m10	0	12.13	5	1	0.0	0.0	0.5302565553963159	-2.115753492599322	3.452140846998666	-0.21486162550381016	-0.1998032107492661	2.0036	0.06922103857213098	172	6.77	0.03	0.04	12.1	0.72	0.93	3.34	2.01	0.68	0.48	797	66.48	13.6	108.03	-0.02	-1.47	95.39	13.95	1.61	2.61	0.02	1.61	0.94
165	fg3_m10	0	12.61	5	1	0.0	0.0	0.5471735778592562	-2.1574786685437486	3.5119874986517097	-0.18927699119470814	-0.10152762859374193	2.0761	0.12343963983490992	178	1.16	0.02	0.03	9.87	0.63	0.5	4.0	4.5	0.68	0.77	586	14.28	14.23	90.32	-0.0	-1.4	99.99	13.65	1.47	1.54	0.0	1.47	-0.33
166	fg3_m10	0	13.1	5	1	0.0	0.0	0.5404481226416914	-2.1820418912797086	3.5234465372391472	-0.14698950068303562	-0.19933443534134776	2.1148	0.11040428017551232	184	67.14	0.03	0.03	10.39	0.69	0.49	0.83	0.92	0.68	0.77	658	30.81	15.54	102.64	0.02	-1.42	98.18	14.18	1.38	1.26	0.02	1.38	1.82
167	fg3_m10	0	13.4	5	1	0.0	0.0	0.5397573746128138	-2.167021567871845	3.5192857941537152	-0.1622189859135417	-0.1525655977227792	2.0863	0.10699130232246558	190	0.94	0.03	0.03	14.05	0.69	0.53	1.12	0.9	0.68	0.48	613	31.29	10.62	101.42	-0.04	-1.43	101.07	13.95	1.12	0.63	0.04	1.12	-0.58
168	fg3_m10	0	0.05	6	1	0.0	0.0	0.5938838895531146	-1.7140008432229483	3.405778230047123	-0.0370406885330579	0.04589484983993758	0.6607	0.07449925494187824	6	1.43	0.03	0.05	8.8	0.8	0.83	7.42	6.46	0.68	0.77	923	21.4	13.23	123.21	-0.03	-1.51	65.51	18.86	-0.39	0.25	0.03	0.39	1.6
169	fg3_m10	1	0.39	6	2	12.498715098405588	4.832368002657028	0.5874140361562767	-1.674253892276015	3.446489906743341	0.044768940140072364	0.0371767437253011	0.6347	0.09447197648807393	13	3.03	0.03	0.04	10.14	0.79	0.83	3.42	6.99	0.96	0.48	761	20.92	36.28	115.55	-0.02	-1.4	67.9	18.03	0.03	0.77	0.02	0.03	0.89
170	fg3_m10	1	0.59	6	1	0.0	0.0	0.499687307743593	-1.339212232158876	2.7087878443508866	0.07266021741550828	0.016347265432779173	0.5851	0.3028636446234611	20	5.0	0.03	0.04	14.0	0.76	0.69	12.52	13.56	1.63	0.48	903	18.68	22.26	122.35	-0.02	-1.16	73.85	18.93	0.25	0.28	0.02	0.25	0.24
171	fg3_m10	1	0.98	6	1	0.0	0.0	0.5333936323436019	-1.5823783841448322	3.119566147194939	-0.005378195352956553	0.035179442331794715	0.6184	0.2711244776675925	26	0.47	0.02	0.03	11.74	0.77	0.78	3.35	5.12	1.25	0.48	772	19.94	10.29	119.36	0.07	-1.39	76.28	18.06	-0.46	1.03	0.07	0.46	0.49
172	fg3_m10	1	1.96	6	1	0.0	0.0	0.5824128861870251	-1.7505179473292458	3.4232031498961355	-0.02544751024982166	0.04056546551719042	0.7316	0.13947637816254624	33	7.21	0.06	0.06	14.05	0.77	0.82	8.81	7.18	0.86	0.48	682	18.78	1.45	121.17	-0.01	-1.47	77.44	17.1	-0.14	0.42	0.01	0.14	1.59
173	fg3_m10	1	2.93	6	1	0.0	0.0	0.5642509231591442	-1.7323936406906906	3.454642655221538	-0.07437817968036516	0.053168910941965165	0.733	0.11644643904526493	40	0.8	0.04	0.04	13.38	0.77	0.82	4.87	5.49	0.86	0.48	639	19.71	2.91	120.8	-0.07	-1.48	79.97	18.55	-0.18	-0.46	0.07	0.18	0.57
174	fg3_m10	1	3.91	6	1	0.0	0.0	0.5578209134555848	-1.7858310008646292	3.4326716034366727	-0.05708250707912545	0.0301063669206478	0.8367	0.09768439353717616	47	1.93	0.06	0.07	12.29	0.75	0.8	2.06	3.79	0.86	0.48	528	17.63	6.3	111.8	-0.0	-1.4	84.28	13.91	0.35	-0.43	0.0	0.35	-1.24
175	fg3_m10	1	4.01	6	2	17.564023357428074	8.271037692834692	0.5639803347355005	-1.811016383723271	3.5036451077084725	-0.09468733515444047	0.023697353230873373	0.8228	0.1184981174613053	54	0.62	0.03	0.04	10.86	0.76	0.81	15.05	3.18	0.68	0.48	530	17.84	11.71	110.71	-0.02	-1.45	84.75	13.97	0.26	-0.12	0.02	0.26	-0.29
176	fg3_m10	1	4.11	6	2	4.612867925705231	7.373607224596032	0.6172510772403077	-1.697270343739202	3.3129920581714	0.04719809332386228	0.040297411000544375	0.9164	0.4283283778943551	61	4.22	0.03	0.04	11.5	0.77	0.89	7.11	3.51	1.52	0.48	776	20.91	30.68	151.77	0.08	-1.11	90.66	17.92	0.29	-0.67	0.08	0.29	-2.27
177	fg3_m10	1	5.85	6	1	0.0	0.0	0.5457354546694377	-1.920395732957035	3.3143287321407118	-0.033047436912876184	0.007197519903552901	1.1987	0.20172357213814487	68	5.84	0.03	0.04	10.54	0.79	0.72	1.8	1.05	0.61	0.48	846	23.82	4.71	128.93	0.03	-1.53	82.84	16.12	1.29	1.42	0.03	1.29	-0.01
178	fg3_m10	1	6.24	6	1	0.0	0.0	0.5300849730924111	-1.9800726826625052	3.5342788570945896	-0.08973336170763542	-0.0024368851867209904	1.2926	0.16616772196594107	75	0.22	0.03	0.03	7.28	0.66	0.73	7.96	7.03	0.96	0.77	500	13.09	0.53	99.3	-0.01	-1.34	94.29	14.43	0.89	0.62	0.01	0.89	0.53
179	fg3_m10	1	6.83	6	1	0.0	0.0	0.5355605188559829	-1.8997214945894316	3.3202737696866595	-0.07284706318510642	-0.0033455285756475947	1.3706	0.15570205579711288	82	75.94	0.02	0.03	10.48	0.77	0.86	3.69	3.24	1.21	0.77	882	120.48	1.25	125.4	-0.05	-1.48	88.5	12.57	1.69	2.62	0.05	1.69	-0.74
180	fg3_m10	1	7.8	6	1	0.0	0.0	0.5454088873695676	-1.9554091894979648	3.380471031554332	-0.03991463010439603	-0.006288103606873372	1.4427	0.19118044145957672	88	0.36	0.02	0.03	11.47	0.65	0.68	16.91	16.53	0.96	0.48	559	13.07	2.66	97.75	0.01	-1.28	93.25	15.81	1.17	0.96	0.01	1.17	-0.38
185	fg3_m10	0	9.76	6	1	0.0	0.0	0.5470613938800107	-2.099179608263885	3.5695099128316343	-0.11497239246548333	-0.0038180119671132524	1.7590000000000001	0.16979675519097998	117	82.4	0.04	0.04	12.42	0.76	0.82	1.79	5.03	1.09	0.48	857	91.37	3.67	121.88	-0.06	-1.56	91.94	15.31	1.07	1.08	0.06	1.07	-0.96
186	fg3_m10	0	9.95	6	1	0.0	0.0	0.5453550822121968	-2.0949096464829697	3.5842629447154035	-0.12926618745373278	-0.01107805541383208	1.7855	0.11021154056049008	122	83.2	0.03	0.03	12.61	0.76	0.43	8.17	7.54	0.68	0.48	847	27.75	10.73	122.39	0.07	-1.55	92.61	15.75	1.13	0.71	0.07	1.13	-1.04
187	fg3_m10	0	10.15	6	1	0.0	0.0	0.5483072238176989	-2.093673615294047	3.5153542392647363	-0.08679179384181719	-0.019918974447525068	1.7679	0.22470323457594996	128	6.65	0.03	0.02	10.91	0.75	0.9	0.8	2.69	0.68	0.48	837	52.52	3.06	118.61	0.06	-1.52	92.32	14.79	1.12	0.81	0.06	1.12	-0.93
188	fg3_m10	0	10.35	6	1	0.0	0.0	0.5428897866165461	-2.099614226946215	3.6292126383175387	-0.1745868139163299	-0.02888532483765452	1.8413	0.10438885148959537	134	8.31	0.03	0.03	12.53	0.76	0.61	2.83	4.43	0.96	0.48	827	26.25	1.47	121.74	-0.04	-1.54	93.76	15.1	1.31	1.38	0.04	1.31	0.92
189	fg3_m10	0	10.54	6	1	0.0	0.0	0.5429875632215497	-2.098325301828963	3.5107016713089494	-0.05994863340273358	-0.023876751205954883	1.7783	0.08408863685864909	141	16.38	0.03	0.03	12.12	0.72	0.0	5.09	5.16	0.68	0.48	792	18.55	2.37	117.67	-0.0	-1.53	94.02	13.99	1.65	2.44	0.0	1.65	-0.99
190	fg3_m10	0	10.74	6	1	0.0	0.0	0.5401844226246181	-2.0595159503487066	3.5116754569976667	-0.10045606019090517	-0.027859656431239714	1.7243	0.09893642145548427	147	0.17	0.03	0.03	11.56	0.6	0.61	14.49	21.99	0.96	0.48	562	11.87	2.53	95.15	-0.04	-1.34	98.13	15.36	0.79	0.61	0.04	0.79	0.54
191	fg3_m10	0	11.13	6	1	0.0	0.0	0.5364268401339225	-2.098385436205409	3.6221865906898065	-0.11351240784279902	-0.030341661618167263	1.8342	0.06416850577440422	153	3.55	0.07	0.05	21.9	0.69	0.64	7.82	5.97	1.09	0.48	693	16.13	3.51	109.51	-0.04	-1.47	94.99	15.26	1.11	0.86	0.04	1.11	-0.43
192	fg3_m10	0	11.18	6	1	0.0	0.0	0.5444923820939117	-2.132472151154664	3.53323832203591	-0.13240063194480986	-0.02067378902808021	1.879	0.14193962781850622	160	23.71	0.02	0.02	9.51	0.71	0.4	3.71	2.43	0.96	0.77	689	17.77	1.85	108.2	-0.03	-1.48	95.94	13.57	1.62	2.36	0.03	1.62	0.76
193	fg3_m10	0	11.64	6	1	0.0	0.0	0.532073781967973	-2.107279442174804	3.5799046242965487	-0.13867002685223734	-0.04578980738364835	1.9040000000000001	0.12157363797714454	167	1.65	0.03	0.04	10.98	0.75	0.88	0.79	3.11	0.68	0.48	720	41.63	1.86	115.6	0.02	-1.48	94.7	15.47	0.93	0.52	0.02	0.93	0.09
194	fg3_m10	0	12.13	6	1	0.0	0.0	0.5341642185420539	-2.0840268892334834	3.5094028196077467	-0.08181252657843302	-0.008014593305622708	1.8259999999999998	0.15696952874238967	173	58.76	0.02	0.03	10.77	0.75	0.46	3.55	4.42	0.96	0.48	776	26.16	1.77	115.59	0.0	-1.51	94.02	14.76	1.35	1.23	0.0	1.35	-0.98
195	fg3_m10	0	12.61	6	1	0.0	0.0	0.5330905757201797	-2.1056770173391754	3.6021617314848084	-0.08333079449786401	-0.07397090312853567	1.9168	0.12682436100338518	179	81.85	0.02	0.03	9.69	0.74	0.65	1.48	3.06	0.96	0.77	726	50.33	7.04	112.4	-0.0	-1.51	95.75	14.39	1.19	1.19	0.0	1.19	0.28
196	fg3_m10	0	13.1	6	1	0.0	0.0	0.5292111944922164	-2.131639482981656	3.61473096566642	-0.1412170441041517	-0.1328211852530028	1.9562	0.1014863078640397	185	71.91	0.04	0.04	13.08	0.73	0.57	1.62	3.82	0.68	0.48	666	33.77	2.07	109.96	-0.01	-1.45	98.23	13.53	1.54	1.81	0.01	1.54	-1.71
197	fg3_m10	0	13.4	6	1	0.0	0.0	0.5371907023777079	-2.13883021889461	3.5800383639131783	-0.12406366059339954	-0.02788081827000829	1.9486	0.13718438751872655	191	0.97	0.03	0.03	11.19	0.72	0.58	4.19	5.56	0.96	0.48	635	30.49	0.72	108.88	-0.02	-1.45	98.57	14.3	1.09	0.73	0.02	1.09	-1.61
0	fg3_m15	0	0.05	0	1	0.0	0.0	0.5245978344856145	-1.9055536607849466	2.9833091037207176	-0.06100665445698916	-0.031651321210718064	1.4340000000000002	0.08062691582339683	0	2.19	0.03	0.06	9.43	0.55	0.13	4.23	13.17	0.68	0.48	764	12.83	0.81	63.86	-0.07	-1.24	74.89	22.38	0.08	0.07	0.07	0.08	0.11
1	fg3_m15	1	0.59	0	1	0.0	0.0	0.5637949905741747	-1.7733342873626259	3.0436832947300427	0.12466582912080786	0.07563950496389707	0.9249	0.35733443775556617	7	23.19	0.06	0.06	11.68	0.61	0.36	19.71	49.03	0.68	0.48	1151	17.8	1.25	63.67	-0.09	-1.31	67.13	22.48	0.44	0.67	0.09	0.44	0.04
2	fg3_m15	1	0.88	0	1	0.0	0.0	0.5021140901138971	-1.9242481143506769	2.9913642026491982	0.014179553905618338	0.02874630211788158	1.3811	0.14987152617885888	14	62.35	0.03	0.04	8.73	0.58	-0.31	3.71	8.56	0.96	0.48	764	12.68	2.57	62.96	-0.02	-1.3	72.44	20.39	0.16	0.15	0.02	0.16	0.02
3	fg3_m15	1	1.17	0	1	0.0	0.0	0.541763981080664	-1.9457909067124837	3.0806522952150233	0.08457506505067125	0.009190106292339977	1.4479	0.23884588003454085	21	2.95	0.05	0.06	9.74	0.59	0.12	6.78	14.37	0.96	0.77	764	11.62	17.98	62.74	0.22	-1.27	71.21	21.54	0.02	-0.2	0.22	0.02	-0.36
4	fg3_m15	1	1.47	0	1	0.0	0.0	0.5250525490003557	-1.9429451945707052	3.033759058734751	0.046203569100222684	0.008458276474598823	1.4644	0.13352952897861958	28	2.51	0.04	0.04	8.74	0.58	0.18	3.52	8.09	0.68	0.48	764	11.59	3.86	65.01	-0.02	-1.32	71.46	19.49	0.23	0.02	0.02	0.23	0.4
5	fg3_m15	1	1.76	0	1	0.0	0.0	0.5179596568724154	-1.9458807530812419	3.0951434135553715	-0.0065542842728978975	0.0030158422258682433	1.4976	0.13780758705940946	35	22.86	0.04	0.05	8.47	0.6	0.27	3.08	6.82	0.68	0.48	764	13.05	2.81	63.54	-0.06	-1.32	71.19	20.02	0.37	0.3	0.06	0.37	0.25
6	fg3_m15	1	2.05	0	1	0.0	0.0	0.5312165036112185	-1.9649835616157407	3.1039393686604737	0.005586654350054271	0.008116692707180533	1.5652	0.1258765355215505	42	15.99	0.03	0.05	8.69	0.57	0.18	3.85	7.92	0.96	0.48	764	12.35	0.5	63.07	-0.06	-1.32	72.47	20.28	0.35	0.35	0.06	0.35	-0.49
7	fg3_m15	1	2.35	0	1	0.0	0.0	0.4838274903724614	-1.9588477598830467	3.0448595408230665	0.009071784098516531	0.0029384499063146393	1.5941	0.128980455539883	49	26.22	0.03	0.04	8.18	0.56	0.18	3.96	7.84	1.09	0.48	764	11.38	3.33	62.49	-0.03	-1.35	72.42	20.07	0.68	0.17	0.03	0.68	-1.1
8	fg3_m15	1	2.64	0	2	3.3749726590662186	2.2765647132374056	0.5167219580242466	-1.4855438822215	2.7303049114480284	0.4439340229628537	0.0206754465742636	1.3994	0.4494409495581764	56	24.61	0.05	0.07	11.78	0.54	0.14	3.66	6.0	1.09	0.48	739	11.51	6.87	71.05	0.24	-1.16	86.18	24.51	0.43	-0.58	0.24	0.43	-1.68
9	fg3_m15	1	2.93	0	1	0.0	0.0	0.5942831759090134	-1.9930038264957128	3.3520419100137078	0.07336185494392355	-0.00228620172157056	1.6391	0.3611976605042307	63	34.33	0.04	0.06	10.4	0.59	0.18	7.41	25.76	0.68	0.48	764	11.81	8.31	73.17	-0.02	-1.25	82.46	21.15	0.45	0.02	0.02	0.45	0.59
10	fg3_m15	1	3.13	0	2	7.737827608178482	11.662724050819648	0.5738032943071473	-0.8403930874692662	3.6734074101183367	0.18218068354403355	0.012981364647502365	1.6447	0.3633938453994646	70	1.09	0.04	0.05	12.16	0.57	0.2	11.21	20.1	0.68	0.48	368	11.03	2.64	70.98	-0.06	-1.27	95.31	20.31	0.19	-0.2	0.06	0.19	1.11
16	fg3_m15	0	4.29	0	1	0.0	0.0	0.6081956823059768	-2.1271999137355126	3.35963452622742	-0.07630045602237137	-0.050985326969716915	1.8122	0.24391304688063686	112	9.33	0.03	0.03	9.23	0.5	0.28	6.87	22.33	0.86	0.48	764	11.44	5.33	65.96	-0.0	-1.29	92.5	18.65	0.88	0.23	0.0	0.88	1.13
17	fg3_m15	0	4.49	0	1	0.0	0.0	0.5954732854430862	-2.0760465453955246	3.288281835544871	-0.059292048480413875	-0.08203477125862223	1.7487	0.15603807411239454	119	8.92	0.04	0.03	10.95	0.48	0.22	4.01	9.89	0.86	0.48	368	10.27	5.55	62.21	-0.0	-1.26	104.42	18.94	0.18	-0.44	0.0	0.18	-0.71
18	fg3_m15	0	4.68	0	1	0.0	0.0	0.5838669885275399	-2.0543055630504243	3.2373291119991525	-0.020875739718070517	-0.06279764204567725	1.7162	0.293530137309221	126	9.0	0.04	0.04	12.4	0.5	0.15	6.34	13.66	0.68	0.48	368	10.66	0.77	63.38	-0.06	-1.31	104.97	18.77	0.26	-0.41	0.06	0.26	1.72
19	fg3_m15	0	4.88	0	1	0.0	0.0	0.58722041477493	-2.0621765527924363	3.2919020334872284	-0.09095434050894444	-0.062401332523317116	1.7083	0.3084093997268705	133	8.64	0.04	0.04	12.27	0.49	0.29	8.52	15.48	0.68	0.48	368	11.29	1.09	62.43	-0.07	-1.25	105.84	19.17	0.08	-0.33	0.07	0.08	0.38
20	fg3_m15	0	0.05	1	1	0.0	0.0	0.5987360721077996	-1.728403960469746	3.3921222877588804	0.04068949812332616	0.04777853831860545	0.6505	0.07496302662080298	1	5.38	0.07	0.07	11.9	0.82	0.84	5.61	3.38	0.86	0.48	866	22.09	49.23	118.51	-0.0	-1.49	65.26	17.33	-0.04	0.59	0.0	0.04	-0.32
21	fg3_m15	1	0.59	1	1	0.0	0.0	0.5992847041379338	-1.8756380106319952	3.7062257734846775	0.056814095989078266	0.10430848411411572	0.7161	0.29286570789452865	8	2.26	0.05	0.06	13.51	0.77	0.86	1.88	1.18	0.86	0.48	850	22.59	14.53	123.13	0.01	-1.54	85.53	21.06	0.15	-0.15	0.01	0.15	-0.48
22	fg3_m15	1	0.88	1	1	0.0	0.0	0.5306889905666965	-1.5878583732542864	3.1556339459288045	0.03375878400930118	0.041193891380135135	0.6925	0.2831370258683201	15	2.16	0.03	0.05	11.55	0.75	0.76	6.48	5.29	1.09	0.48	834	18.52	6.45	119.72	-0.02	-1.46	79.73	18.63	0.08	-0.12	0.02	0.08	0.76
23	fg3_m15	1	1.17	1	1	0.0	0.0	0.6029046982252274	-1.813289222173753	3.223611114694584	0.005832463440133901	0.02689530775980129	0.8233	0.19434152873043534	22	0.47	0.05	0.06	11.59	0.75	0.78	18.75	2.86	0.86	0.48	824	18.39	10.53	123.24	0.05	-1.43	82.67	17.85	0.15	-0.33	0.05	0.15	-1.97
24	fg3_m15	1	1.47	1	1	0.0	0.0	0.5309749249256084	-1.715053000270968	3.2368901283858764	-0.007180308020011794	0.033000181728653884	0.8041	0.11969800306795304	29	2.67	0.04	0.05	13.56	0.75	0.77	4.0	5.77	0.86	0.48	657	17.95	0.29	114.32	-0.12	-1.35	84.32	18.13	0.22	-0.25	0.12	0.22	1.59
25	fg3_m15	1	1.76	1	1	0.0	0.0	0.5345805805093226	-1.838267095203945	3.2790304479679326	-0.0241484329586203	0.02647827792844392	0.8397	0.10208437483453388	36	3.22	0.05	0.05	13.68	0.75	0.77	5.78	7.23	0.68	0.48	834	18.63	4.59	124.44	-0.03	-1.47	82.73	18.78	0.43	-0.17	0.03	0.43	-0.71
26	fg3_m15	1	2.05	1	1	0.0	0.0	0.5275323861404932	-1.8048011531071293	3.255959581250892	-0.07148171321075629	0.0030078084893488607	0.8736	0.11310746169526435	43	0.09	0.03	0.05	11.31	0.75	0.76	4.53	7.96	1.09	0.48	687	17.88	3.81	112.94	-0.07	-1.36	83.92	17.96	0.52	0.07	0.07	0.52	0.39
27	fg3_m15	1	2.35	1	1	0.0	0.0	0.5431631431003766	-1.822827844479992	3.2473792451040726	-0.06890207970260759	0.005049815650346793	0.8258	0.12007963453703467	50	2.47	0.03	0.05	10.24	0.76	0.78	6.08	6.19	0.96	0.48	788	18.45	8.08	126.47	-0.08	-1.47	81.93	19.46	0.49	0.08	0.08	0.49	1.98
28	fg3_m15	1	2.64	1	2	13.573654603270613	4.091099103017081	0.4951774178823358	-1.4290591637912178	2.7697155452541677	0.2897958507608768	0.010253906741207184	0.8588	0.2489292287791567	57	3.1	0.04	0.06	16.29	0.7	0.57	10.28	15.68	1.36	0.48	637	13.87	24.1	111.58	0.0	-1.15	100.67	22.19	-0.09	0.2	0.0	0.09	-0.41
29	fg3_m15	1	2.93	1	1	0.0	0.0	0.5802504158096217	-1.8216624202663516	3.222468825734518	0.08423639736988947	0.0009249790357156448	1.2881	0.3340943167838012	64	0.42	0.03	0.04	12.56	0.68	0.59	15.43	8.92	0.68	0.48	681	13.98	17.59	97.97	-0.11	-1.06	92.33	21.7	0.4	-0.09	0.11	0.4	0.05
30	fg3_m15	1	3.13	1	2	7.840754994489457	9.235916544727443	0.5439735711941561	-0.8311091999746854	3.590791184569448	0.10477603622498816	0.024619730729548147	1.2874	0.31938006745864345	71	3.25	0.02	0.03	8.08	0.65	0.64	25.24	35.12	0.96	0.77	662	13.35	5.55	100.4	0.03	-1.08	96.11	19.97	0.54	-0.18	0.03	0.54	-1.89
36	fg3_m15	0	4.29	1	1	0.0	0.0	0.5704021523639998	-1.9444521923880058	3.4025667220657425	-0.018660807017598903	-0.0013585340666883966	1.3422	0.1831435878240589	113	2.14	0.02	0.02	7.76	0.62	0.66	21.33	32.45	0.96	0.77	640	13.86	12.04	96.17	0.03	-1.09	108.71	18.47	0.71	-0.17	0.03	0.71	-0.4
37	fg3_m15	0	4.49	1	1	0.0	0.0	0.5559073737582488	-1.953642659153688	3.4307005153583363	-0.09539759176935697	-0.005684274341720638	1.354	0.10158571946356558	120	0.4	0.02	0.02	6.8	0.61	0.65	9.97	17.96	0.68	0.77	650	13.59	17.25	94.03	-0.02	-1.08	107.49	19.4	0.57	-0.29	0.02	0.57	-0.15
38	fg3_m15	0	4.68	1	1	0.0	0.0	0.5675246759058763	-1.9492102714733872	3.2513861821040866	-0.020507967804598303	0.005741923882514975	1.3546	0.09217381209150388	127	0.76	0.03	0.03	13.04	0.6	0.63	11.3	23.16	0.96	0.48	648	13.45	5.47	96.02	-0.01	-1.09	108.53	19.3	0.6	-0.16	0.01	0.6	0.63
39	fg3_m15	0	4.88	1	1	0.0	0.0	0.5449936762312793	-1.9535568626209727	3.3307861873799234	-0.040525484850367055	-0.00564433948386316	1.3373	0.2008756461193871	134	0.91	0.03	0.04	12.32	0.62	0.64	25.34	35.56	0.68	0.48	636	13.76	10.71	95.01	-0.05	-1.09	106.5	19.91	0.78	-0.14	0.05	0.78	-0.61
40	fg3_m15	0	0.05	2	1	0.0	0.0	0.5769173096855433	-1.7402203562829714	3.3754974391779595	-0.0159880467981954	0.0229035585245322	0.6928	0.10167872807566183	2	1.19	0.06	0.06	13.5	0.79	0.83	20.81	18.89	0.91	0.77	947	23.08	7.97	118.81	-0.01	-1.47	66.29	20.04	-0.27	0.05	0.01	0.27	2.18
41	fg3_m15	1	0.59	2	1	0.0	0.0	0.6012100590041397	-1.3335862557080629	2.2762430359172034	0.13331233514621166	0.012292915897303159	0.5841	0.5727040416273721	9	0.24	0.04	0.07	21.85	0.68	0.63	10.31	10.17	1.09	0.48	606	12.8	35.62	109.22	0.04	-0.92	92.36	20.51	-0.49	2.94	0.04	0.49	1.13
42	fg3_m15	1	0.88	2	1	0.0	0.0	0.5982166993143879	-1.7921229019224842	2.8188996702457416	0.05090287321525982	0.014474553793049676	0.8078	0.2225575078936476	16	5.0	0.05	0.05	14.34	0.71	0.72	22.69	31.99	0.68	0.77	773	15.34	6.1	113.29	0.01	-1.27	84.35	18.55	0.33	-0.05	0.01	0.33	0.34
43	fg3_m15	1	1.17	2	1	0.0	0.0	0.5001781360499304	-1.7529540079426638	3.0269371108811653	0.027331225690609886	0.01075111591149487	0.8731	0.21130182348600132	23	1.05	0.04	0.05	15.79	0.7	0.64	10.37	15.93	0.68	1.07	857	15.83	2.77	113.1	-0.01	-1.24	82.98	19.34	0.51	-0.09	0.01	0.51	-0.06
44	fg3_m15	1	1.47	2	1	0.0	0.0	0.5096843451831704	-1.7918110988513485	3.0725757320042213	-3.792080984150815e-05	0.006116067184406197	0.8687	0.13880264573198242	30	0.16	0.03	0.04	13.68	0.73	0.7	13.71	14.56	1.09	0.48	785	15.95	7.03	116.43	0.0	-1.34	80.94	21.5	0.37	0.1	0.0	0.37	0.37
45	fg3_m15	1	1.76	2	1	0.0	0.0	0.5197447257049621	-1.8173795253375091	3.1150546188211985	-0.04816086235165218	-0.001864341426442295	0.9743	0.17945620609190613	37	0.44	0.03	0.05	9.8	0.71	0.71	8.12	13.24	0.68	0.77	629	14.51	11.15	102.84	-0.1	-1.15	85.75	19.86	0.42	-0.27	0.1	0.42	-0.53
46	fg3_m15	1	2.05	2	1	0.0	0.0	0.5205650112881429	-1.862472900076245	3.172834317319988	0.02256263418307961	0.005837853440821599	1.0416	0.15084858100894727	44	0.96	0.03	0.05	10.01	0.69	0.68	7.71	11.76	0.68	0.77	836	14.83	0.83	113.98	-0.03	-1.34	82.46	21.16	0.7	0.14	0.03	0.7	-0.48
47	fg3_m15	1	2.35	2	1	0.0	0.0	0.4732256095685457	-1.8410130344333209	3.113066976021888	-0.05378679872787548	-0.0001141116564742035	0.9808	0.14028664531287197	51	1.35	0.02	0.04	14.04	0.72	0.66	1.26	2.8	0.68	0.48	818	15.9	1.08	114.91	0.01	-1.33	81.56	20.5	0.58	0.01	0.01	0.58	1.55
48	fg3_m15	1	2.64	2	2	3.9695292115550624	2.7863777916903256	0.5177748950446954	-1.3005546463196074	2.7348860530536907	0.4554063214916487	0.01863784064606743	1.2287	0.4899570593826063	58	15.14	0.03	0.07	17.03	0.65	0.51	8.8	8.79	1.52	0.48	862	15.49	5.29	111.69	-0.13	-1.34	97.53	22.26	-0.07	-0.2	0.13	0.07	0.93
49	fg3_m15	1	2.93	2	2	15.328392319845939	10.82031738944431	0.5628319207455823	-1.8804605371410272	3.2052220498405672	0.07440640986826053	0.002739361328162565	1.3336	0.2395679103629086	65	0.69	0.02	0.03	7.2	0.64	0.57	1.44	3.85	1.09	0.77	716	13.83	8.04	97.19	0.0	-1.14	93.18	23.2	0.3	0.28	0.0	0.3	-0.32
50	fg3_m15	1	3.13	2	2	3.541480042141837	11.790168177245755	0.539037592272177	-1.224542681243152	3.023274413699438	0.16262618700824438	0.026397579610373124	1.3577	0.3226251207797781	72	2.96	0.02	0.05	7.7	0.56	0.55	5.67	9.3	0.3	0.77	731	13.28	3.03	99.72	-0.13	-0.95	106.75	40.16	2.27	5.34	0.13	2.27	-0.48
56	fg3_m15	0	4.29	2	1	0.0	0.0	0.5684090895297113	-1.9855778187611035	3.33561192388888	-0.020766791811194413	-0.017019037447705655	1.4804	0.15976370095925208	114	2.58	0.02	0.03	7.17	0.57	0.47	1.75	5.06	0.86	0.77	723	13.42	16.3	90.43	-0.03	-1.15	104.85	20.61	0.55	-0.27	0.03	0.55	-0.3
57	fg3_m15	0	4.49	2	1	0.0	0.0	0.5656169170960663	-1.958458041034844	3.321572382802904	-0.06693346313985107	-0.0032158738935399666	1.4614	0.1055497241942878	121	1.37	0.03	0.03	15.6	0.57	0.53	11.75	27.05	1.09	0.48	720	13.27	8.3	91.7	0.06	-1.15	106.37	18.86	0.88	0.67	0.06	0.88	-1.74
58	fg3_m15	0	4.68	2	1	0.0	0.0	0.5557190843238947	-1.956065123573485	3.2747863865754234	-0.044166631918395684	-0.00612879560847824	1.4537	0.2436417257210773	128	0.59	0.03	0.03	15.39	0.57	0.53	12.38	20.25	1.09	0.48	710	13.02	11.65	91.79	0.02	-1.16	104.43	18.81	0.97	0.66	0.02	0.97	-1.06
59	fg3_m15	0	4.88	2	1	0.0	0.0	0.5716680193482634	-1.9589450728052304	3.2252092979467815	-0.06765568870309009	-0.001495238625540544	1.4377	0.18453161990536202	135	1.49	0.03	0.04	15.27	0.56	0.47	10.55	13.8	0.86	0.48	722	12.87	12.03	91.74	-0.02	-1.16	105.24	19.64	0.81	0.18	0.02	0.81	0.89
60	fg3_m15	0	0.05	3	1	0.0	0.0	0.5185424629727032	-1.8980286077756523	2.993517664882506	-0.022339992608596402	-0.00478753671386331	1.3451	0.05980458037754258	3	0.94	0.02	0.04	8.37	0.69	0.29	4.92	11.81	0.96	0.77	764	13.74	36.57	84.29	-0.07	-1.18	76.11	22.98	0.32	-0.11	0.07	0.32	-2.79
61	fg3_m15	1	0.59	3	1	0.0	0.0	0.5475132590131192	-1.8448058267897247	2.946726565072437	0.1098609302851376	0.0512341567312064	0.9323	0.26506028248522845	10	47.53	0.04	0.06	12.66	0.72	0.21	2.74	7.73	1.55	0.48	1419	18.14	50.06	98.21	0.08	-1.12	75.52	24.03	0.67	1.12	0.08	0.67	-1.37
62	fg3_m15	1	0.88	3	1	0.0	0.0	0.507931017536971	-1.875324997126125	2.854982535142672	0.041199930610857534	0.031305979242176096	1.2057	0.2889665038443221	17	8.5	0.03	0.04	10.15	0.7	0.26	8.07	17.64	1.09	0.48	1254	15.28	13.11	93.02	-0.05	-1.24	73.52	22.15	0.82	0.65	0.05	0.82	-1.41
63	fg3_m15	1	1.17	3	1	0.0	0.0	0.5378746789040677	-1.8845167260240008	2.9059285880499583	0.06176084953612475	0.005926258275550489	1.2937	0.23056812392310794	24	8.78	0.03	0.04	10.58	0.7	0.34	0.94	2.09	1.09	0.48	764	14.53	9.39	91.04	-0.02	-1.23	80.08	23.05	0.61	0.18	0.02	0.61	0.23
64	fg3_m15	1	1.47	3	1	0.0	0.0	0.5012392469587127	-1.900330034207969	2.9745301386994702	0.04051052411527789	0.00966233177477312	1.329	0.18502200849107892	31	2.84	0.03	0.04	11.08	0.69	0.33	9.92	14.5	0.86	0.48	764	12.75	4.01	92.68	-0.06	-1.24	79.04	23.09	0.6	-0.01	0.06	0.6	0.59
65	fg3_m15	1	1.76	3	1	0.0	0.0	0.4873950495004402	-1.86977681698615	2.9156997255779915	0.02088007066626914	0.00999395887981662	1.3554	0.14343412261861593	38	3.4	0.03	0.04	10.54	0.69	0.24	1.53	4.18	0.68	0.48	764	13.09	1.92	90.43	-0.07	-1.21	77.54	23.32	0.5	0.13	0.07	0.5	0.8
66	fg3_m15	1	2.05	3	1	0.0	0.0	0.5218255078724752	-1.9180609299822549	3.0302578810492986	0.015532516155148796	0.010311981045623315	1.4080000000000001	0.0939319119048402	45	2.74	0.03	0.04	10.62	0.67	0.31	3.89	9.07	0.86	0.48	764	11.9	6.67	92.18	-0.04	-1.26	79.35	22.29	0.63	0.24	0.04	0.63	0.39
67	fg3_m15	1	2.35	3	1	0.0	0.0	0.4658497306153913	-1.9128938313660468	2.9363821755008885	-0.0052891226901635785	-0.0025304578153885057	1.3535	0.103267475217605	52	1.31	0.03	0.05	10.6	0.68	0.29	2.39	4.73	0.68	0.48	764	12.69	11.61	91.05	-0.04	-1.22	79.0	22.09	0.84	0.36	0.04	0.84	-1.25
68	fg3_m15	1	2.64	3	2	4.448003720334683	3.830363585542139	0.5074052864061107	-1.4796380894525645	2.5022627158679707	0.4797123969810331	0.0007244371858829479	1.454	0.5060139304307514	59	5.62	0.05	0.07	22.7	0.6	0.55	7.3	14.46	2.04	0.48	1330	18.74	36.18	112.14	0.03	-1.33	103.48	43.72	0.96	0.59	0.03	0.96	-0.85
69	fg3_m15	1	2.93	3	1	0.0	0.0	0.5782496964816002	-1.936769792330739	3.2491206448972227	0.13024344360249354	0.00918732364803439	1.4446	0.5214801751310676	66	12.34	0.04	0.04	12.19	0.59	0.4	1.35	2.41	0.96	0.48	368	10.43	7.62	85.18	-0.03	-1.22	101.99	20.32	0.26	-0.15	0.03	0.26	-1.12
70	fg3_m15	1	3.13	3	2	5.119178906192988	13.839487253107762	0.5669382159081816	-1.3226544837094498	3.2509227312357374	0.15092814794606205	-0.0069977405366918955	1.5030000000000001	0.42112405980958056	73	0.12	0.03	0.04	10.03	0.62	0.28	2.12	6.83	0.86	0.48	764	12.92	4.82	90.08	0.02	-1.25	91.79	21.7	0.46	0.02	0.02	0.46	0.02
76	fg3_m15	0	4.29	3	1	0.0	0.0	0.589262835596785	-2.0780753338449465	3.3245883995489485	-0.03333773208052715	-0.019379175022993474	1.6603	0.17899454764215	115	7.27	0.03	0.03	9.74	0.55	0.41	1.46	4.61	0.96	0.48	757	11.64	15.86	84.23	-0.07	-1.19	99.82	20.06	0.82	0.06	0.07	0.82	-0.02
77	fg3_m15	0	4.49	3	1	0.0	0.0	0.5457305224437485	-1.9596502844045327	3.1327933278877094	0.036351149819687255	-0.0012092478645621726	1.5656	0.2659148841908369	122	1.35	0.03	0.03	9.98	0.56	0.32	1.19	3.68	0.96	0.48	759	12.47	4.41	85.77	-0.03	-1.19	101.36	19.76	0.96	0.43	0.03	0.96	-0.35
78	fg3_m15	0	4.68	3	1	0.0	0.0	0.5763389168797121	-2.0335482386561945	3.309036219350647	-0.049067555169215314	-0.03454623745864766	1.5763	0.1214442700498609	129	2.76	0.03	0.03	10.44	0.56	0.41	2.39	7.13	0.86	0.48	750	12.11	8.44	86.88	0.0	-1.21	100.89	20.09	0.93	0.34	0.0	0.93	-0.43
79	fg3_m15	0	4.88	3	1	0.0	0.0	0.5706589880911428	-2.010840349286101	3.223382068136753	-0.05686369343223292	-0.027161580355777308	1.5495	0.19860560365249927	136	0.41	0.04	0.04	9.99	0.55	0.32	12.13	33.39	0.96	0.48	762	11.92	9.82	85.81	-0.05	-1.18	102.23	19.21	0.86	0.41	0.05	0.86	0.71
80	fg3_m15	0	0.05	4	1	0.0	0.0	0.5279717711709815	-1.9178390709103117	3.015664833452746	-0.05027690013155718	-0.024047835081931083	1.4037	0.08198497864498347	4	0.55	0.03	0.07	9.43	0.68	0.24	2.75	8.68	0.68	0.48	764	13.37	45.19	75.44	-0.01	-1.27	74.61	22.68	0.27	0.09	0.01	0.27	2.22
81	fg3_m15	1	0.59	4	1	0.0	0.0	0.5626654748233141	-1.684651121513179	2.707679553007753	0.08152077506168717	0.05624704132164305	0.9065	0.3716482611285946	11	19.22	0.04	0.05	10.75	0.7	0.45	2.15	5.73	0.86	0.48	1149	16.05	6.13	81.27	-0.04	-1.38	68.22	22.52	0.16	0.07	0.04	0.16	-0.92
82	fg3_m15	1	0.88	4	1	0.0	0.0	0.5153511662307493	-1.8950576776066768	2.8637997990249016	0.036205183269851386	0.020425890687799517	1.3465	0.2379251700249045	18	1.79	0.03	0.03	8.69	0.61	0.24	1.78	3.78	0.86	0.48	764	12.41	13.22	67.71	0.03	-1.34	73.51	20.3	0.24	0.04	0.03	0.24	-0.89
83	fg3_m15	1	1.17	4	1	0.0	0.0	0.548973521846978	-1.942626504562176	3.105985466131333	0.019149807259847367	0.0055235417541752325	1.4207	0.16178473966344542	25	2.92	0.04	0.05	7.88	0.59	0.17	7.02	14.8	1.09	0.77	764	11.58	16.14	66.98	0.21	-1.28	71.75	22.13	0.04	0.03	0.21	0.04	-0.46
84	fg3_m15	1	1.47	4	1	0.0	0.0	0.5225898544808516	-1.9483034962071335	3.04242480959994	0.03940884638095735	0.001429983542529804	1.4606	0.08625603783926572	32	1.98	0.04	0.05	8.76	0.58	0.18	2.1	4.65	0.86	0.48	764	11.43	5.7	65.79	-0.07	-1.33	72.21	18.92	0.24	0.04	0.07	0.24	1.2
85	fg3_m15	1	1.76	4	1	0.0	0.0	0.5152637192653234	-1.9391118504710056	3.1500556516711034	0.0028618109259056354	0.00022754303881507108	1.5462	0.1505096000901343	39	14.13	0.03	0.04	8.39	0.59	0.31	2.58	6.15	0.68	0.48	764	12.47	8.88	63.35	-0.02	-1.35	70.27	20.32	0.23	0.07	0.02	0.23	0.49
86	fg3_m15	1	2.05	4	1	0.0	0.0	0.5436996935718325	-1.991413294054296	3.16786360590148	-0.04005599232494063	-0.013043856194219943	1.5799	0.12013467827876265	46	4.41	0.04	0.04	8.0	0.57	0.23	1.77	4.28	0.86	0.48	764	12.2	1.25	61.33	-0.06	-1.35	71.67	18.74	0.56	0.04	0.06	0.56	0.14
87	fg3_m15	1	2.35	4	1	0.0	0.0	0.4824192455907711	-1.9693806754827252	3.0767402880809014	-0.026365583443304155	-0.005311055431372035	1.6193	0.0496560938839918	53	0.16	0.03	0.04	8.89	0.53	0.28	3.57	4.76	0.96	0.48	368	11.1	1.78	57.14	-0.02	-1.31	83.91	18.49	0.16	-0.15	0.02	0.16	-0.58
88	fg3_m15	1	2.93	4	1	0.0	0.0	0.6004175967186957	-1.9825264041094763	3.2042064307496827	0.13718139621927966	-0.0984594972444986	1.6642	0.4032618689337807	67	89.67	0.05	0.03	7.96	0.41	0.14	2.79	3.39	0.68	0.48	368	11.2	4.29	39.31	-0.09	-1.24	84.67	16.09	-0.23	-0.21	0.09	0.23	-1.66
89	fg3_m15	1	3.13	4	2	7.736370923688259	16.637190905272607	0.5759925067570338	-1.1463805208037336	3.5300315505243987	0.08335041412694033	-0.012097807029304864	1.6804	0.4911390836296727	74	11.53	0.04	0.04	7.38	0.41	0.16	9.14	11.04	1.09	0.48	764	11.42	0.08	42.86	-0.12	-1.25	76.43	17.18	0.48	-0.26	0.12	0.48	-0.02
95	fg3_m15	0	4.29	4	1	0.0	0.0	0.6017981389982029	-2.1187151054333517	3.24250691915982	0.006807288384299608	-0.10362129147397832	1.8961	0.09973971961871622	116	36.73	0.05	0.03	8.28	0.37	0.08	5.19	4.98	0.68	0.48	368	10.16	11.14	39.41	-0.02	-1.3	98.26	16.98	0.26	-0.51	0.02	0.26	0.9
96	fg3_m15	0	4.49	4	1	0.0	0.0	0.5905269059351493	-2.0876879076177635	3.265219009235971	-0.05783445247833952	-0.14849503907503284	1.8337	0.2618860800741533	123	0.38	0.04	0.03	9.45	0.39	0.1	7.12	8.7	0.86	0.48	368	11.17	15.03	39.93	-0.02	-1.23	96.91	17.13	0.06	-0.59	0.02	0.06	0.13
97	fg3_m15	0	4.68	4	1	0.0	0.0	0.5865691624745543	-2.0588031560556925	3.1995986869078723	-0.005423674215778471	-0.12736454383272924	1.7988	0.28177616053452315	130	82.78	0.05	0.03	8.62	0.37	-0.01	10.88	11.67	0.96	0.48	368	10.86	14.42	37.52	0.05	-1.22	96.8	18.3	-0.08	-0.46	0.05	0.08	0.24
98	fg3_m15	0	4.88	4	1	0.0	0.0	0.5872320069007043	-2.0860190491734385	3.229464154193796	-0.05494159202120915	-0.10752060166044902	1.7938	0.1517824251285888	137	9.67	0.06	0.04	8.1	0.34	0.2	11.47	17.48	0.68	0.48	368	9.98	6.72	37.49	-0.1	-1.28	96.7	18.12	0.23	-0.4	0.1	0.23	-1.25
99	fg3_m15	0	0.05	5	1	0.0	0.0	0.5112977436482706	-1.8771709966842367	2.973486173159709	-0.0630966891161059	-0.003800198837377267	1.2773	0.05471164051747311	5	0.31	0.02	0.05	7.6	0.71	0.42	2.67	13.6	0.91	0.77	1256	15.11	7.79	95.06	-0.01	-1.16	64.5	25.28	0.47	-0.26	0.01	0.47	0.52
100	fg3_m15	1	0.59	5	1	0.0	0.0	0.5855607179972467	-1.5867907274214446	2.3516414455983576	0.10047407849216496	0.03388549088336593	0.7788	0.344983300429596	12	3.8	0.07	0.08	20.39	0.67	0.51	3.33	11.01	0.43	0.77	721	13.33	20.83	110.12	-0.17	-1.08	92.86	23.16	0.25	-0.46	0.17	0.25	0.98
101	fg3_m15	1	0.88	5	1	0.0	0.0	0.5413763191639489	-1.8189300510069888	2.6729676529491	0.026785299052040558	0.014930373187771144	1.0645	0.2330375964270338	19	2.52	0.03	0.05	15.86	0.67	0.59	1.74	5.0	0.68	0.48	758	12.64	11.5	99.08	0.02	-1.12	82.28	23.76	0.43	0.03	0.02	0.43	-0.75
102	fg3_m15	1	1.17	5	1	0.0	0.0	0.5062533015609123	-1.8539090628472796	2.9640511278268398	0.03711869239032228	0.010128244400157452	1.1028	0.12709850899398814	26	0.51	0.03	0.05	16.66	0.69	0.48	1.06	3.23	0.68	0.48	763	12.8	10.09	99.58	0.03	-1.09	81.23	23.55	0.67	0.31	0.03	0.67	-0.67
103	fg3_m15	1	1.47	5	1	0.0	0.0	0.4898112742765748	-1.8755242071465663	3.0384723538151928	0.030174239578230094	0.009660781429041709	1.1703	0.1565594994328151	33	2.2	0.03	0.04	8.1	0.7	0.56	5.35	15.3	0.68	0.77	758	14.24	3.44	99.21	0.0	-1.08	81.49	23.8	0.59	0.35	0.0	0.59	1.84
104	fg3_m15	1	1.76	5	1	0.0	0.0	0.5303441531898523	-1.8673325714146265	3.0609699178537326	-0.0090535631816294	4.927814171892704e-06	1.1740000000000002	0.09311673359808527	40	2.39	0.02	0.04	15.51	0.7	0.53	0.64	1.87	0.68	0.48	736	13.76	3.99	101.65	0.02	-1.17	81.71	24.25	0.58	0.03	0.02	0.58	-0.37
105	fg3_m15	1	2.05	5	1	0.0	0.0	0.5187042783417282	-1.912774209604448	3.1275755635654185	-0.019913557168144573	-0.0006457040578876973	1.2313	0.12781904049025086	47	2.9	0.02	0.03	7.11	0.7	0.56	9.44	17.79	0.68	0.77	746	14.51	1.64	98.01	-0.06	-1.1	82.13	23.16	0.74	-0.01	0.06	0.74	0.34
106	fg3_m15	1	2.35	5	1	0.0	0.0	0.45942945254902506	-1.8593936883386732	3.069265891308148	-0.03811855684366836	-0.004064324105496198	1.1744	0.08018583458218494	54	0.56	0.02	0.04	8.11	0.71	0.6	14.0	15.46	0.68	0.77	987	15.08	0.66	110.03	-0.03	-1.37	77.13	21.77	1.06	0.94	0.03	1.06	-0.11
107	fg3_m15	1	2.64	5	2	10.492726293008904	5.905817195608416	0.5094583935451434	-1.3959049328962314	2.969899515071007	0.22173310366359344	0.00965401369404379	0.9615	0.4791829534239317	61	10.23	0.07	0.08	24.06	0.61	0.58	6.63	9.3	1.36	0.48	826	15.41	3.72	128.68	-0.24	-1.26	108.29	24.49	0.26	-0.51	0.24	0.26	-0.11
108	fg3_m15	1	2.93	5	1	0.0	0.0	0.5553867048898411	-1.734762621585167	3.3127343235922533	0.05289565767358263	0.005709910686961778	1.2006	0.16525259770398876	68	0.26	0.02	0.03	7.98	0.64	0.65	15.32	23.08	0.96	0.77	822	15.16	0.86	108.5	-0.02	-1.4	93.83	18.49	0.76	0.44	0.02	0.76	0.84
109	fg3_m15	1	3.13	5	2	5.815189605894217	7.544665679369046	0.5459542871866478	-0.8644203213019754	3.4267296047711278	0.19388386881114225	0.02107264232119473	1.193	0.4534762525244261	75	1.03	0.02	0.04	11.67	0.71	0.69	13.81	16.6	3.39	0.77	1144	21.58	2.48	126.46	0.01	-1.47	105.45	38.94	1.99	3.64	0.01	1.99	0.55
115	fg3_m15	0	4.29	5	1	0.0	0.0	0.5583938251988755	-1.9338063909700705	3.1775162780047785	-0.03650344693383071	7.136477514360852e-05	1.3461	0.10774681638826544	117	2.37	0.04	0.03	11.36	0.56	0.61	23.09	43.06	0.68	0.48	687	13.67	19.16	91.23	0.03	-1.09	107.4	19.42	0.68	0.04	0.03	0.68	0.05
116	fg3_m15	0	4.49	5	1	0.0	0.0	0.5623751713090631	-1.8919091557493048	3.298805220518381	-0.04022095145723164	-0.007947408675671773	1.3024	0.15809688717782472	124	0.68	0.03	0.03	8.82	0.56	0.65	4.92	8.16	0.68	0.77	638	13.93	6.23	92.38	0.04	-1.13	109.55	19.27	0.47	-0.29	0.04	0.47	-0.01
117	fg3_m15	0	4.68	5	1	0.0	0.0	0.5550221086247775	-1.9140635246171331	3.272442673336456	-0.04388532645796247	-0.006694698133459287	1.3101	0.0905871588762968	131	1.79	0.02	0.03	10.62	0.58	0.67	1.95	3.19	0.68	0.77	641	14.16	11.7	91.74	-0.02	-1.18	107.97	18.39	0.63	-0.2	0.02	0.63	0.57
118	fg3_m15	0	4.88	5	1	0.0	0.0	0.5666675814518182	-1.9402894981876069	3.3599125696305903	-0.0642954227940648	-0.01131033101224603	1.3099	0.1575214180467889	138	0.95	0.03	0.03	9.18	0.58	0.65	5.95	9.6	0.68	0.77	619	13.92	14.5	93.83	0.0	-1.2	108.97	18.37	0.72	0.03	0.0	0.72	0.03
119	fg3_m15	0	0.05	6	1	0.0	0.0	0.5957660001711114	-1.6994290113646435	3.3954234654170614	-0.008472861060511674	0.061474855966678586	0.6592	0.07523440323398976	6	0.9	0.03	0.06	10.6	0.8	0.83	1.98	5.48	0.68	0.48	930	21.54	26.74	123.24	-0.04	-1.51	62.85	19.19	-0.24	0.58	0.04	0.24	-0.24
120	fg3_m15	1	0.59	6	1	0.0	0.0	0.4353299705483461	-1.110840580833949	2.6367970331125425	0.1653206036883858	0.06438037468616069	0.5268	0.5185583789720448	13	0.87	0.05	0.06	18.45	0.75	0.57	4.63	8.27	1.92	0.48	1031	20.86	38.79	110.33	-0.0	-1.0	78.84	20.55	0.5	-0.6	0.0	0.5	-0.55
121	fg3_m15	1	0.88	6	1	0.0	0.0	0.6371994214064025	-1.7234298569671394	3.0399470957122365	-0.004288468680553296	0.029465910232347733	0.7654	0.34559169461220074	20	4.98	0.05	0.06	15.04	0.73	0.74	22.15	16.18	1.09	0.48	826	18.16	12.05	118.65	-0.04	-1.41	81.1	16.21	0.51	0.34	0.04	0.51	1.67
122	fg3_m15	1	1.17	6	1	0.0	0.0	0.5522638151185535	-1.7055106519626784	3.310695744738505	0.017428743668542124	0.043176615579621117	0.7535	0.14981892821112894	27	0.54	0.05	0.05	14.15	0.75	0.78	19.2	2.26	1.09	0.48	789	18.41	0.47	121.2	0.06	-1.44	80.45	16.84	0.09	0.18	0.06	0.09	-0.68
123	fg3_m15	1	1.47	6	1	0.0	0.0	0.5111522755112698	-1.6933816050018402	3.2279547862185467	-0.014311508391521885	0.018660662372708088	0.7645	0.24188699906225886	34	1.74	0.03	0.04	11.71	0.76	0.77	6.9	6.58	0.86	0.48	751	18.36	2.57	124.33	0.02	-1.45	79.68	17.62	0.25	-0.3	0.02	0.25	0.37
124	fg3_m15	1	1.76	6	1	0.0	0.0	0.5672014754008406	-1.7301808969316066	3.1777200571351916	-0.05073183249617237	0.02448897990846674	0.7833	0.10219359318124066	41	2.52	0.04	0.05	10.2	0.73	0.76	21.36	5.55	0.68	0.48	624	17.56	0.26	109.91	-0.02	-1.29	83.42	16.72	0.25	-0.04	0.02	0.25	-0.26
125	fg3_m15	1	2.05	6	1	0.0	0.0	0.5594180316151536	-1.7078298094655242	3.1967613236097403	-0.013875494472880485	0.02319730087004689	0.8061	0.13076571781416335	48	5.08	0.08	0.08	14.52	0.73	0.77	5.26	2.98	0.68	0.48	606	17.18	0.65	111.09	-0.12	-1.34	83.81	17.02	0.4	-0.45	0.12	0.4	-0.04
126	fg3_m15	1	2.35	6	1	0.0	0.0	0.5015722125357027	-1.714415618156771	3.1889954642750498	-0.011969321713575716	0.027568954934079404	0.7401	0.16296777153339218	55	2.24	0.06	0.07	13.2	0.75	0.79	5.06	4.31	0.86	0.48	593	17.27	13.67	114.18	0.02	-1.37	86.78	16.58	-0.0	-0.16	0.02	0.0	0.75
127	fg3_m15	1	2.64	6	2	8.746374704048037	2.4724072020000336	0.5950160667885427	-0.7755180334943034	3.89059270571616	0.2759294103834001	-0.14886783930709754	0.8244	0.9585493171390688	62	3.71	0.05	0.05	14.81	0.69	0.75	9.2	8.48	0.3	0.48	649	15.77	1.7	112.91	0.09	-1.4	91.42	18.27	0.31	-0.12	0.09	0.31	0.5
128	fg3_m15	1	2.93	6	2	19.785221281019076	6.650281056561347	0.5497285363665356	-1.6113254447335317	3.524486185120417	0.006869701436043682	-0.012155253691951312	1.0148	0.37755330085325206	69	2.14	0.04	0.06	9.03	0.64	0.83	22.58	15.61	0.96	0.48	587	15.44	10.79	104.47	0.05	-1.46	96.4	15.27	-0.03	-0.2	0.05	0.03	-0.28
129	fg3_m15	1	3.13	6	2	5.284696892916386	10.594488648967536	0.5854734235370699	-0.996242980973634	3.2948017515461463	0.10434237729032793	0.04692182606193341	1.0759999999999998	0.2285187596406439	76	0.98	0.05	0.05	9.68	0.73	0.84	4.74	3.79	0.3	0.48	828	23.27	2.35	140.7	-0.2	-1.35	97.38	18.34	0.24	0.21	0.2	0.24	1.34
135	fg3_m15	0	4.29	6	1	0.0	0.0	0.5700785666221596	-1.8747868989265937	3.5568959040976016	-0.0513236312667135	0.008960034665086995	1.1689	0.10458099162957883	118	0.58	0.02	0.03	7.66	0.6	0.77	1.99	2.53	0.68	0.77	652	16.05	7.33	99.57	0.03	-1.37	107.73	16.28	0.28	0.32	0.03	0.28	-0.29
136	fg3_m15	0	4.49	6	1	0.0	0.0	0.5552151952634943	-1.8404372522964667	3.318755466383476	-0.01156585941683007	0.018169640831375282	1.1719	0.08452050201586382	125	1.58	0.03	0.03	10.83	0.59	0.73	12.79	24.91	1.09	0.48	670	15.06	8.24	104.09	-0.04	-1.36	109.37	15.84	0.15	-0.02	0.04	0.15	-0.38
137	fg3_m15	0	4.68	6	1	0.0	0.0	0.5426360204139193	-1.8439465931978571	3.5052252755460724	-0.05915939218634374	0.005626121271422542	1.2062	0.09060217071125602	132	1.35	0.03	0.02	7.98	0.56	0.76	6.0	6.42	0.96	0.77	529	14.54	6.23	89.18	-0.02	-1.22	114.22	14.59	0.14	-0.52	0.02	0.14	-1.18
138	fg3_m15	0	4.88	6	1	0.0	0.0	0.5643754996765934	-1.8585786250404763	3.3611632567364595	-0.04429939444368418	0.0027333069019055065	1.1814	0.09751215466109356	139	0.35	0.03	0.03	10.5	0.6	0.74	12.57	18.88	0.96	0.48	663	15.08	5.52	103.61	-0.0	-1.36	107.54	15.07	0.64	0.25	0.0	0.64	0.59
