Counter_x	Image	class label	Myr	Viewpoint	# Bulges	Sep	Flux Ratio	Gini	M20	Concentration (C)	Asymmetry (A)	Clumpiness (S)	Sersic N	Shape Asymmetry (A_S)	Counter_y	$\Delta$PA	v_asym	s_asym	resids	\lambdare	$\epsilon$	A	$A_2$	deltapos	deltapos2	nspax	re	$\mu_V$	$\sigma_{V}$	skewvel	$h_{4,V}$	$\mu_{\sigma}$	$\sigma_{\sigma}$	skewsig	$h_{4,\sigma}$	$|h_{3,V}|$	$|h_{3,\sigma}|$	random
0	fg3_m12_iso1_rotated	0	0.05	0	1	0.0	0.0	0.492496302497934	-1.783751721437938	2.7857846012873155	-0.05545706476241795	-0.013910920360255659	0.9003	0.07594464297120014	0	1.26	0.02	0.05	9.11	0.72	0.31	6.51	20.63	0.86	0.48	1256	15.03	0.07	79.77	-0.04	-1.14	58.61	16.99	0.27	2.01	0.04	0.27	-0.88
1	fg3_m12_iso1_rotated	0	0.1	0	1	0.0	0.0	0.5030370148385505	-1.7269115924004086	2.6816255143639953	-0.01463382201968707	0.0008609234581556926	0.8355	0.050748338877293256	7	2.54	0.03	0.04	10.17	0.74	0.28	6.61	22.04	1.09	0.48	1256	16.23	3.89	81.74	-0.08	-1.15	58.23	17.73	-0.18	0.66	0.08	0.18	1.06
2	fg3_m12_iso1_rotated	0	0.2	0	1	0.0	0.0	0.4694171893237968	-1.7440916729697649	2.6394835098114813	0.002230028589287294	0.004812406962551879	0.8613	0.04951709668363915	14	1.92	0.03	0.05	9.43	0.76	0.31	4.69	14.97	0.86	0.64	1256	15.57	1.9	80.79	-0.05	-1.16	54.5	17.36	-0.31	1.35	0.05	0.31	-0.92
3	fg3_m12_iso1_rotated	0	0.29	0	1	0.0	0.0	0.5120771721900895	-1.7723274904197082	2.718955440803952	-0.027960502707709237	0.0030390436561717627	0.843	0.06763499821912447	21	0.4	0.04	0.05	10.54	0.77	0.27	6.34	24.57	0.96	0.48	1256	16.03	4.38	81.49	-0.08	-1.16	54.48	15.67	0.06	1.07	0.08	0.06	0.78
4	fg3_m12_iso1_rotated	0	0.39	0	1	0.0	0.0	0.4913956384631502	-1.7369811791047438	2.626529096441801	0.0034528068076732183	0.007352817907329894	0.8622	0.06335400407509763	26	2.25	0.02	0.05	9.22	0.77	0.29	5.95	16.07	0.86	0.48	1256	16.65	4.21	80.94	-0.0	-1.17	54.42	16.63	-0.22	0.93	0.0	0.22	-1.21
5	fg3_m12_iso1_rotated	0	0.49	0	1	0.0	0.0	0.4735068128825005	-1.7072564040024862	2.676447197680656	0.036307056748774234	0.015807747796884344	0.8707	0.11270061113376785	33	5.41	0.03	0.04	10.73	0.76	0.31	9.01	29.89	0.86	0.48	1256	15.47	2.6	82.52	-0.1	-1.14	55.1	16.4	-0.02	1.02	0.1	0.02	0.21
6	fg3_m12_iso1_rotated	0	0.59	0	1	0.0	0.0	0.5103346105958073	-1.7574538337498942	2.732251055096566	0.04460636381798256	0.011067064085725295	0.9273	0.07693773538874668	40	10.44	0.04	0.05	14.75	0.78	0.26	5.87	21.68	0.86	0.64	1256	16.84	0.55	83.94	-0.07	-1.21	54.67	15.49	-0.06	0.94	0.07	0.06	0.35
7	fg3_m12_iso1_rotated	0	0.98	0	1	0.0	0.0	0.5320441626784705	-1.7608632960485795	2.7159619246455176	0.061342176263285725	0.017740336857975773	0.9442	0.1470889560446223	47	1.38	0.02	0.04	9.1	0.77	0.32	5.64	16.29	1.09	0.48	1256	16.01	3.71	82.47	-0.0	-1.17	56.35	14.1	0.23	1.02	0.0	0.23	-0.21
8	fg3_m12_iso1_rotated	0	1.96	0	1	0.0	0.0	0.5285153267734236	-1.8344113830869733	2.905084285362141	0.06856467191175053	0.013558355654753844	1.3759	0.1323934311249201	54	2.97	0.03	0.04	9.24	0.76	0.32	6.29	25.81	0.86	0.48	1256	16.4	4.46	80.56	-0.02	-1.16	57.17	12.11	0.3	0.86	0.02	0.3	1.72
9	fg3_m12_iso1_rotated	0	0.05	1	1	0.0	0.0	0.48124621994537503	-1.7482380976971386	2.777254557240924	-0.03280306813335055	-0.0009019231318152953	0.8494	0.07279368520509903	1	1.03	0.02	0.05	7.99	0.8	0.52	2.15	11.17	0.61	0.77	1749	18.8	0.99	99.0	-0.02	-1.06	52.28	20.1	0.08	0.22	0.02	0.08	0.79
10	fg3_m12_iso1_rotated	0	0.1	1	1	0.0	0.0	0.4988208627461747	-1.6880454868894732	2.696998970431157	-0.015439169548890625	0.0020006020864427733	0.7826	0.08051451882729474	8	1.96	0.02	0.04	9.32	0.8	0.51	8.89	26.0	0.61	0.48	1720	18.15	0.25	102.41	-0.03	-1.08	53.17	18.73	0.12	0.16	0.03	0.12	1.1
11	fg3_m12_iso1_rotated	0	0.2	1	1	0.0	0.0	0.4646239900949316	-1.6954793481701709	2.6674988361724092	-0.00824697412126767	0.0049454950916396935	0.7729	0.06370433373289776	15	7.72	0.03	0.04	14.52	0.82	0.51	1.95	12.37	0.96	0.48	1715	18.71	3.31	101.46	-0.01	-1.11	50.68	18.99	-0.17	0.21	0.01	0.17	1.44
12	fg3_m12_iso1_rotated	0	0.29	1	1	0.0	0.0	0.4892982175640997	-1.7461455553835696	2.743895387366519	0.006913837878909656	0.0055281921083321466	0.7895	0.05069379529453226	22	0.62	0.02	0.04	9.42	0.81	0.51	1.89	10.08	0.91	0.48	1721	18.03	1.28	102.79	-0.05	-1.09	51.19	18.05	0.25	0.03	0.05	0.25	-0.23
13	fg3_m12_iso1_rotated	0	0.39	1	1	0.0	0.0	0.4820100629314261	-1.6967551695959526	2.6198641844452366	-0.00886780560963675	0.0067349519751398815	0.7816	0.0765058301130779	27	1.54	0.02	0.04	9.08	0.81	0.51	9.96	15.69	0.61	0.48	1671	18.33	0.52	103.58	-0.05	-1.11	52.78	18.43	0.03	0.18	0.05	0.03	-0.11
14	fg3_m12_iso1_rotated	0	0.49	1	1	0.0	0.0	0.4545266781865701	-1.6729330440268255	2.7420331584105324	0.029253011327056364	0.01252116337744903	0.8051	0.07973991557523928	34	1.36	0.02	0.05	10.23	0.8	0.55	4.91	16.89	0.68	0.48	1252	17.4	4.75	93.93	-0.06	-0.93	55.35	16.76	0.08	-0.12	0.06	0.08	0.9
15	fg3_m12_iso1_rotated	0	0.59	1	1	0.0	0.0	0.4948491962442638	-1.7245443360205737	2.7222746873927903	0.019416200878442053	0.009528180141332436	0.8349	0.06593470031121675	41	3.6	0.03	0.04	11.55	0.81	0.5	6.9	17.22	0.68	0.48	1256	17.99	5.33	94.83	-0.1	-0.97	54.34	18.31	-0.18	0.02	0.1	0.18	1.17
16	fg3_m12_iso1_rotated	0	0.98	1	1	0.0	0.0	0.5058210899166566	-1.7321580402644496	2.7334882933059035	0.04049079162421862	0.012600654502116887	0.8435	0.08800803682214424	48	4.71	0.04	0.05	13.39	0.82	0.5	4.65	26.97	1.09	0.48	1254	17.96	24.53	93.2	0.17	-0.91	54.67	16.76	-0.28	0.27	0.17	0.28	-0.79
17	fg3_m12_iso1_rotated	0	1.96	1	1	0.0	0.0	0.4951555969293634	-1.7736377144868742	2.8699331992894086	0.047597172191281865	0.013690549212137205	1.1295	0.06724067539019242	55	2.04	0.02	0.03	9.67	0.79	0.52	1.3	7.78	0.68	0.48	1245	17.35	13.21	92.21	0.05	-0.92	58.44	15.12	0.03	0.39	0.05	0.03	0.77
18	fg3_m12_iso1_rotated	0	0.05	2	1	0.0	0.0	0.483421227506277	-1.7273269235055544	2.78375580529622	-0.034625399357973666	-0.002944508026522249	0.8509	0.06790291341705965	2	1.37	0.02	0.04	9.35	0.81	0.51	9.02	23.29	0.91	0.48	1742	19.21	4.53	98.74	-0.0	-1.04	51.39	20.01	0.22	0.07	0.0	0.22	0.12
19	fg3_m12_iso1_rotated	0	0.1	2	1	0.0	0.0	0.4834793043354944	-1.6940303900247695	2.7229511857848374	-0.043159798586421216	-0.0007250164149934243	0.7784	0.05450546124151905	9	45.25	0.09	0.05	24.54	0.8	0.51	8.85	11.7	0.61	0.77	1703	18.37	8.88	102.31	-0.12	-1.06	51.69	21.09	-0.08	-0.17	0.12	0.08	-0.64
20	fg3_m12_iso1_rotated	0	0.2	2	1	0.0	0.0	0.461124660868424	-1.6733288077408228	2.6581381470270133	-0.026244479872315516	0.0030324475771967186	0.7701	0.05133063557792938	16	1.36	0.02	0.04	9.65	0.82	0.5	7.4	10.09	0.96	0.48	1709	18.82	1.26	100.8	-0.02	-1.1	51.03	19.65	0.0	0.56	0.02	0.0	-0.08
21	fg3_m12_iso1_rotated	0	0.29	2	1	0.0	0.0	0.4941282604424944	-1.7068093534090396	2.7313933236193786	-0.02613598671011691	0.007024076005057143	0.7963	0.08894755099274948	23	1.31	0.02	0.04	10.06	0.81	0.52	5.91	13.23	0.96	0.48	1255	17.71	0.35	93.89	-0.04	-0.95	54.86	17.91	-0.25	0.79	0.04	0.25	-0.74
22	fg3_m12_iso1_rotated	0	0.39	2	1	0.0	0.0	0.4772998685600322	-1.7103752172093059	2.7054120068734298	-0.01490430171626221	0.0070045378660130424	0.775	0.08071569694261481	28	27.72	0.05	0.04	23.57	0.82	0.52	2.93	17.83	0.96	0.48	1669	18.63	3.43	103.1	0.01	-1.12	52.8	18.47	-0.04	0.33	0.01	0.04	0.57
23	fg3_m12_iso1_rotated	0	0.49	2	1	0.0	0.0	0.4596356264216033	-1.7063117770154854	2.683564256583716	0.02081783524976912	0.01124448358906785	0.789	0.0483557111983773	35	0.19	0.02	0.04	10.67	0.81	0.53	8.84	18.69	0.61	0.48	1256	17.23	3.69	94.87	-0.09	-0.94	53.78	18.9	-0.16	-0.25	0.09	0.16	-1.44
24	fg3_m12_iso1_rotated	0	0.59	2	1	0.0	0.0	0.497866932305839	-1.7430716983497612	2.7398840197667016	0.006192495762420718	0.0065386938667996684	0.8375	0.05024125044220424	42	0.59	0.02	0.04	7.64	0.81	0.5	2.4	12.21	0.61	0.77	1717	18.51	0.92	102.68	-0.07	-1.07	52.16	19.66	-0.13	0.53	0.07	0.13	-0.0
25	fg3_m12_iso1_rotated	0	0.98	2	1	0.0	0.0	0.5095291976756994	-1.6316028142893888	2.7060600902469325	0.013985081285675344	0.017103231066843517	0.8225	0.07696370377298042	49	6.69	0.04	0.03	13.7	0.81	0.53	1.5	9.04	0.68	0.48	1256	17.92	2.33	95.0	-0.07	-0.97	54.76	17.88	-0.48	0.68	0.07	0.48	-0.39
26	fg3_m12_iso1_rotated	0	1.96	2	1	0.0	0.0	0.4887522232695683	-1.8943902425940249	2.9235187327660657	0.058202811376127275	0.017899423168903892	1.0838	0.08938848386631566	56	2.39	0.02	0.04	10.39	0.8	0.51	2.54	14.91	0.96	0.48	1228	17.71	3.4	96.38	-0.06	-1.07	59.76	16.62	0.31	-0.51	0.06	0.31	-0.78
27	fg3_m12_iso1_rotated	0	0.05	3	1	0.0	0.0	0.4820066198030348	-1.7195301681980364	2.767678795700657	-0.04245423998492316	-0.001462665403386713	0.8515	0.04066267887098857	3	2.1	0.02	0.05	6.59	0.81	0.52	1.69	10.12	0.91	0.77	1741	19.06	0.3	98.79	-0.03	-1.08	50.88	21.47	-0.24	0.13	0.03	0.24	-2.14
28	fg3_m12_iso1_rotated	0	0.1	3	1	0.0	0.0	0.5078647400378932	-1.6685396881767809	2.7102017765738053	-0.025021583557232253	0.0036312869275465743	0.7835	0.054723871584102315	10	0.74	0.02	0.04	10.87	0.81	0.49	7.82	23.39	0.96	0.48	1256	17.96	23.91	92.29	0.16	-0.91	55.89	19.01	-0.01	0.03	0.16	0.01	1.64
29	fg3_m12_iso1_rotated	0	0.2	3	1	0.0	0.0	0.4656774100077167	-1.7018382260148204	2.688445410352562	-0.012288014133144742	0.004890404067148503	0.7796	0.040293822345455324	17	2.6	0.03	0.06	11.49	0.81	0.53	3.8	21.97	1.29	0.48	1715	18.96	2.57	101.05	-0.07	-1.1	51.83	19.3	-0.31	0.46	0.07	0.31	-1.21
30	fg3_m12_iso1_rotated	0	0.29	3	1	0.0	0.0	0.4914755449508601	-1.6910523324695972	2.706573504639712	-0.010211987000623458	0.007653057045059087	0.7899	0.07464519807384175	24	8.61	0.04	0.04	13.77	0.81	0.51	1.57	8.68	0.61	0.77	1728	18.07	2.52	101.08	-0.07	-1.05	50.27	19.58	-0.11	-0.24	0.07	0.11	1.4
31	fg3_m12_iso1_rotated	0	0.39	3	1	0.0	0.0	0.4824802095346745	-1.6791279398642591	2.666515206632332	-0.02487679572511821	0.005792865547970374	0.7823	0.07424736118267962	29	0.5	0.02	0.04	10.32	0.81	0.51	7.92	8.99	0.96	0.48	1253	17.83	0.76	93.97	-0.02	-0.98	54.2	17.83	-0.28	1.11	0.02	0.28	-1.64
32	fg3_m12_iso1_rotated	0	0.49	3	1	0.0	0.0	0.45100062521464007	-1.7075484521322235	2.7232217412149247	0.004236880899787047	0.010362668736109156	0.7973	0.08318886419019161	36	2.43	0.03	0.05	10.82	0.81	0.52	2.24	13.17	0.68	0.48	1256	17.98	1.33	93.23	-0.05	-0.94	55.29	16.68	0.01	0.29	0.05	0.01	-1.4
33	fg3_m12_iso1_rotated	0	0.59	3	1	0.0	0.0	0.494484684335866	-1.7030576676448992	2.719189075503639	0.04192924927361933	0.015586185730209787	0.8353	0.04797361977288611	43	27.07	0.05	0.03	22.53	0.81	0.51	3.24	20.04	0.68	0.48	1256	17.36	14.62	95.76	0.1	-0.93	53.98	18.52	-0.42	0.71	0.1	0.42	-2.29
34	fg3_m12_iso1_rotated	0	0.98	3	1	0.0	0.0	0.5064591591465764	-1.7409245213641589	2.721978694660227	0.030514373496321818	0.015446773811972712	0.8397	0.08032391176642946	50	2.67	0.02	0.04	6.99	0.81	0.51	2.81	14.46	0.61	0.77	1239	17.61	0.7	95.85	-0.02	-0.99	55.47	17.6	-0.19	-0.02	0.02	0.19	-0.13
35	fg3_m12_iso1_rotated	0	1.96	3	1	0.0	0.0	0.4906618129362754	-1.7256149167038808	2.846859161129059	0.06035246502302494	0.018479957103935882	1.1063	0.0824698658008836	57	2.35	0.03	0.04	12.58	0.81	0.51	6.38	24.39	1.36	0.48	1618	18.39	23.13	102.67	0.21	-1.15	55.44	15.02	0.41	0.26	0.21	0.41	-0.62
36	fg3_m12_iso1_rotated	0	0.05	4	1	0.0	0.0	0.4964041820426849	-1.7938862906730983	2.7817433888643297	-0.07587003671374441	-0.02679722037718509	0.9163	0.0624484618063672	4	35.98	0.38	0.05	8.47	0.29	0.02	23.69	29.58	0.68	0.48	764	13.45	1.47	20.21	-0.13	-0.75	56.94	15.97	0.07	1.84	0.13	0.07	-0.06
37	fg3_m12_iso1_rotated	0	0.1	4	1	0.0	0.0	0.5213458278435665	-1.7656797061073468	2.6862866255006272	-0.04359364099457064	-0.0214424185286516	0.883	0.08165704166875715	11	44.53	0.07	0.05	6.13	0.33	-0.02	23.23	31.48	0.68	0.48	764	13.99	4.67	20.6	-0.0	-0.89	54.87	15.7	-0.11	1.7	0.0	0.11	1.22
38	fg3_m12_iso1_rotated	0	0.2	4	1	0.0	0.0	0.500973067988534	-1.7883912829449202	2.673261750296623	-0.014865999984426231	-0.00703623528277752	0.92	0.07243705806370862	18	66.09	0.08	0.06	6.82	0.31	0.01	14.96	24.68	0.68	0.48	764	13.3	2.3	19.57	-0.04	-0.63	50.86	15.96	-0.13	0.85	0.04	0.13	-0.42
39	fg3_m12_iso1_rotated	0	0.29	4	1	0.0	0.0	0.5219609720672972	-1.7784076691501094	2.730463678390066	-0.033943316384268105	-0.013389100658676736	0.8641	0.06420624702344711	25	16.15	0.08	0.06	5.77	0.36	0.02	18.42	27.35	0.68	0.48	764	14.55	1.85	20.59	-0.02	-0.96	50.49	14.99	0.06	0.54	0.02	0.06	-1.41
40	fg3_m12_iso1_rotated	0	0.39	4	1	0.0	0.0	0.4742934812930393	-1.7359923018975556	2.6468193035681997	-0.011077473450298329	0.002190611930169544	0.9296	0.08033133734232772	30	51.69	0.1	0.07	6.3	0.34	0.08	29.33	32.23	0.86	0.48	764	13.55	0.79	20.0	-0.13	-0.84	47.75	17.03	0.25	1.54	0.13	0.25	-0.15
41	fg3_m12_iso1_rotated	0	0.49	4	1	0.0	0.0	0.4957374970682002	-1.7437822862034569	2.7273567732182813	0.02311874107248564	0.007235734817590222	0.9345	0.07249351075994971	37	82.77	0.08	0.08	6.07	0.35	-0.04	22.36	38.42	0.68	0.48	764	14.37	0.78	21.07	-0.06	-0.81	48.75	15.26	-0.14	1.15	0.06	0.14	-0.05
42	fg3_m12_iso1_rotated	0	0.59	4	1	0.0	0.0	0.5427679385288168	-1.785874217377931	2.7712477083871763	0.0452572494165581	0.0032767479404903948	0.9794	0.16364909083342544	44	66.24	0.08	0.06	6.19	0.34	-0.05	31.12	26.64	0.96	0.48	764	13.82	3.72	19.83	0.11	-0.77	49.7	14.96	0.19	1.52	0.11	0.19	-0.89
43	fg3_m12_iso1_rotated	0	0.98	4	1	0.0	0.0	0.4863125596597151	-1.6982274239331507	2.7330586413559437	0.09684262417502144	0.02508660669706949	1.0488	0.16069098952432045	51	43.67	0.07	0.05	5.46	0.36	0.08	15.35	24.87	1.09	0.48	764	13.67	4.77	19.98	0.01	-0.92	49.12	13.6	-0.41	0.96	0.01	0.41	-1.27
44	fg3_m12_iso1_rotated	0	1.96	4	1	0.0	0.0	0.5374888227700686	-1.8577319342642948	2.9294788100716818	0.04914823362715556	-0.01986756289990396	1.7352	0.2571688168212507	58	29.67	0.08	0.05	6.93	0.32	0.18	16.96	30.38	0.68	0.21	764	12.93	3.21	19.99	-0.06	-0.91	52.44	12.05	-0.25	1.47	0.06	0.25	0.67
45	fg3_m12_iso1_rotated	0	0.05	5	1	0.0	0.0	0.5100698982990765	-1.8007766570971584	2.7819876016866103	-0.07375976264437628	-0.03742360831022873	0.9175	0.08276589138972636	5	15.15	0.1	0.07	7.26	0.31	0.05	14.24	18.55	0.68	0.48	764	13.59	8.34	20.49	0.11	-0.87	58.62	16.35	-0.39	1.13	0.11	0.39	-1.32
46	fg3_m12_iso1_rotated	0	0.1	5	1	0.0	0.0	0.5240939235053571	-1.7661079223668497	2.685232912785107	-0.040227377537041815	-0.011328271043004887	0.8697	0.08695741255891795	12	45.18	0.11	0.06	8.02	0.32	0.03	31.57	43.58	0.96	0.48	764	14.12	3.2	20.59	-0.05	-0.97	55.9	15.35	-0.1	0.73	0.05	0.1	0.69
47	fg3_m12_iso1_rotated	0	0.2	5	1	0.0	0.0	0.4848977183304339	-1.7818543692316582	2.6821069923960046	-0.010891681192669577	0.0042596589925953075	0.929	0.0823915777335087	19	2.62	0.08	0.07	5.74	0.34	0.03	9.9	14.48	0.86	0.48	764	13.56	2.91	20.65	0.01	-0.95	51.4	17.06	-0.24	0.75	0.01	0.24	1.36
49	fg3_m12_iso1_rotated	0	0.39	5	1	0.0	0.0	0.4838961019915226	-1.7344954084504614	2.656493498899187	0.0020657340992431324	0.006839295582662499	0.9227	0.10131623744697174	31	39.13	0.28	0.1	6.98	0.37	0.06	20.9	27.01	0.86	0.48	764	13.57	10.63	19.68	0.14	-0.73	48.25	15.02	-0.1	0.89	0.14	0.1	-0.78
50	fg3_m12_iso1_rotated	0	0.49	5	1	0.0	0.0	0.4984938910978247	-1.744834845028167	2.728145220021576	0.036989052805650666	0.007919605665470484	0.9316	0.060731711537221664	38	8.88	0.06	0.06	5.56	0.36	-0.02	9.57	19.51	0.86	0.48	764	14.38	2.24	20.8	0.05	-0.89	49.45	14.96	-0.07	0.94	0.05	0.07	1.61
51	fg3_m12_iso1_rotated	0	0.59	5	1	0.0	0.0	0.5369658302083489	-1.7770427476872277	2.782748969774125	0.06101232717913624	0.008119241575682425	0.9793	0.14332259254161406	45	56.3	0.07	0.06	5.32	0.36	0.01	11.84	18.18	0.96	0.48	764	13.43	2.2	21.28	-0.07	-0.89	49.42	15.15	-0.2	1.32	0.07	0.2	1.3
52	fg3_m12_iso1_rotated	0	0.98	5	1	0.0	0.0	0.490783680151801	-1.714377602325052	2.73689294992946	0.07743920467319287	0.02112245384963712	1.0502	0.1495290148197403	52	51.92	0.08	0.05	5.33	0.35	0.07	12.44	14.35	0.86	0.48	764	13.37	1.14	20.84	-0.07	-1.0	49.78	12.85	-0.02	0.67	0.07	0.02	0.09
53	fg3_m12_iso1_rotated	0	1.96	5	1	0.0	0.0	0.5385883761214211	-1.859451176222988	2.9642304032308866	0.08273791910573355	-0.0025254330043039943	1.7447	0.3085554883649724	59	60.88	0.06	0.04	4.86	0.34	0.16	15.49	22.12	0.68	0.77	764	12.83	2.46	20.65	-0.02	-1.09	51.81	12.92	-0.48	2.24	0.02	0.48	1.25
54	fg3_m12_iso1_rotated	0	0.05	6	1	0.0	0.0	0.5034447525668273	-1.7937901820976152	2.763189789274941	-0.047858629232456325	-0.03283439170309093	0.9108	0.07819671609478204	6	86.94	0.19	0.06	6.24	0.28	0.05	22.35	30.51	0.86	0.48	764	13.76	3.28	19.82	-0.17	-0.65	57.03	16.23	-0.2	0.93	0.17	0.2	0.94
55	fg3_m12_iso1_rotated	0	0.1	6	1	0.0	0.0	0.5124220490899103	-1.7505047424197917	2.675511580569665	-0.044372544217666	-0.014303763378523784	0.8706	0.08244455359634413	13	46.68	0.08	0.05	6.53	0.32	0.03	25.68	23.48	0.68	0.48	764	13.93	3.83	20.83	-0.09	-0.71	55.27	14.9	-0.3	0.97	0.09	0.3	0.13
56	fg3_m12_iso1_rotated	0	0.2	6	1	0.0	0.0	0.4852014699474525	-1.7863087055576587	2.6905091580176386	-0.007507875934976405	0.0017655375253976125	0.9291	0.05953211088753872	20	60.14	0.07	0.05	6.25	0.35	0.04	18.61	24.62	0.96	0.48	764	13.61	4.71	20.96	-0.06	-0.77	51.06	15.54	-0.12	0.8	0.06	0.12	-1.29
58	fg3_m12_iso1_rotated	0	0.39	6	1	0.0	0.0	0.4907889665332403	-1.7336483397049016	2.6514955195040657	-0.0008881853633254256	0.006315058659869387	0.9233	0.07134516787308211	32	48.99	0.07	0.06	5.92	0.36	0.05	7.89	12.64	0.68	0.48	764	13.46	4.4	20.54	0.05	-0.9	49.16	15.22	0.01	1.57	0.05	0.01	-0.0
59	fg3_m12_iso1_rotated	0	0.49	6	1	0.0	0.0	0.4931262203682805	-1.7453564123925556	2.7239394138041413	0.03894361560568122	0.01182529062674426	0.932	0.090937133086227	39	13.31	0.08	0.06	6.57	0.37	0.08	30.58	53.39	0.86	0.64	1256	14.77	0.36	23.03	-0.16	-0.98	48.86	16.78	-0.04	1.89	0.16	0.04	-1.2
60	fg3_m12_iso1_rotated	0	0.59	6	1	0.0	0.0	0.5335315621832821	-1.7723603537871548	2.7824232858574565	0.060308460519524335	0.0035676436899389203	0.9821	0.16727536292655554	46	0.55	0.07	0.07	5.47	0.37	-0.05	6.22	8.38	0.68	0.48	764	13.95	2.44	21.64	0.08	-0.95	49.29	14.66	0.08	1.27	0.08	0.08	0.6
61	fg3_m12_iso1_rotated	0	0.98	6	1	0.0	0.0	0.4877474871887647	-1.7093305279081543	2.7450712378935767	0.0803577000158513	0.020088821284706963	1.0572	0.10763486334614562	53	0.61	0.06	0.05	5.03	0.38	-0.03	17.09	20.78	0.68	0.88	764	14.31	3.08	21.8	-0.17	-0.82	49.73	13.62	0.05	1.68	0.17	0.05	-2.1
62	fg3_m12_iso1_rotated	0	1.96	6	1	0.0	0.0	0.5369910005275731	-1.8567272937371408	2.9405424366632023	0.04681880670237102	-0.018522869557872	1.7212	0.27973306644544843	60	60.59	0.06	0.04	5.0	0.35	0.18	10.59	20.03	1.09	0.48	764	14.22	3.0	20.92	-0.03	-1.02	51.54	12.53	-0.75	2.8	0.03	0.75	0.05
0	fg3_m13	0	0.2	0	1	0.0	0.0	0.4871863342300351	-1.7690228210895536	2.6546621899507588	0.0032418834532740577	0.005525560628691682	0.9164	0.06734515725861348	0	0.26	0.04	0.08	7.19	0.6	0.12	1.92	7.96	0.43	0.48	764	14.2	3.22	53.74	-0.07	-1.14	57.18	17.73	-0.11	0.86	0.07	0.11	-0.73
1	fg3_m13	1	0.39	0	2	14.157605128075181	3.4362123944181504	0.5747869663925245	-1.0437586049113778	2.692846744164345	0.2011129991421551	0.003755733756376249	0.8962	0.5432382647306454	7	2.69	0.02	0.07	7.36	0.58	0.25	1.28	4.67	0.68	0.48	764	14.39	0.14	53.45	0.01	-1.17	59.95	19.99	-0.14	0.68	0.01	0.14	-0.28
2	fg3_m13	1	0.68	0	1	0.0	0.0	0.594753051588911	-2.447242626827688	4.744587828770298	0.1480852182756771	0.014083481241158055	4.58	0.461435881398618	14	3.51	0.05	0.06	8.17	0.37	0.28	7.6	8.01	0.86	0.48	368	8.9	1.31	41.64	-0.08	-1.04	82.33	23.52	0.52	-0.16	0.08	0.52	0.12
5	fg3_m13	1	1.17	0	1	0.0	0.0	0.5376453239416624	-2.2062877128299445	4.276772650312898	0.10702640122193732	0.010701852897590543	3.8573	0.4098264849436758	27	26.29	0.04	0.05	6.53	0.46	0.27	2.15	2.13	0.68	0.77	368	10.64	0.38	50.88	-0.05	-1.19	92.9	23.47	0.42	-0.44	0.05	0.42	-0.41
6	fg3_m13	1	1.37	0	1	0.0	0.0	0.566060533262391	-2.5106052260517937	4.764941010266481	0.1836221536782658	0.0022948108785524435	3.7345	0.4354269725864254	33	55.64	0.04	0.06	7.88	0.36	0.16	11.49	6.35	0.68	0.48	368	8.61	0.29	48.66	-0.05	-1.14	94.6	25.02	0.24	-0.7	0.05	0.24	-0.3
7	fg3_m13	1	1.47	0	1	0.0	0.0	0.5868273941253417	-2.491690487159944	4.648985900431474	0.13353865624183955	0.003347516769144609	3.4162	0.2618510800667179	39	45.82	0.04	0.06	10.17	0.43	0.15	7.3	9.12	0.68	0.48	368	9.78	5.99	53.68	-0.04	-1.27	97.4	28.43	0.52	-0.39	0.04	0.52	-0.35
9	fg3_m13	1	1.76	0	1	0.0	0.0	0.5620954561306944	-2.420185996921134	4.285192582343171	0.0671208226122549	0.0008798271551003395	3.2534	0.223858374572171	51	63.21	0.03	0.04	7.77	0.53	0.28	6.63	12.56	0.68	0.48	764	11.84	7.49	64.68	0.05	-1.33	80.19	24.64	1.02	0.49	0.05	1.02	-0.65
10	fg3_m13	1	1.86	0	1	0.0	0.0	0.6309322212101286	-2.311771852391303	4.610045618808903	0.005928606496066664	-0.023576264930983585	2.9298	0.4886738372040101	55	24.46	0.04	0.05	10.52	0.47	0.51	9.44	19.16	0.68	0.48	368	10.72	4.79	51.31	-0.06	-1.35	94.35	25.26	0.69	-0.21	0.06	0.69	1.21
11	fg3_m13	1	2.05	0	2	12.310940536323352	4.281934305936913	0.6034011420517816	-1.675069402447232	4.560413156964331	0.10430400331366374	-0.013166799354568996	2.9937	0.6888104035082995	60	89.52	0.04	0.04	10.69	0.44	0.41	7.84	10.46	0.96	0.48	368	9.6	6.73	57.64	0.0	-1.28	103.32	22.67	0.43	-0.45	0.0	0.43	0.21
12	fg3_m13	1	2.15	0	2	14.505981895114504	7.711165069956733	0.5521956312363352	-2.4438008500777233	4.497969657356071	0.10104171710945596	0.0015481248368067215	3.0685	0.30149466754524296	67	46.72	0.04	0.04	14.13	0.46	0.35	16.16	26.67	1.09	0.48	368	10.45	3.34	64.8	0.13	-1.14	114.09	22.16	0.0	-0.65	0.13	0.0	-1.73
13	fg3_m13	1	2.25	0	1	0.0	0.0	0.60003167495876	-2.344493535379534	4.428903996100456	0.03862615497510925	-0.0048397824475372815	2.5384	0.17372064824298225	74	13.7	0.04	0.04	13.66	0.37	0.27	9.95	11.33	0.86	0.48	368	7.7	6.95	58.96	0.03	-1.29	116.26	23.13	0.16	-0.79	0.03	0.16	-1.06
14	fg3_m13	1	2.3	0	1	0.0	0.0	0.5954775903849234	-2.320511658422234	4.432966484215758	0.058064258063936475	-0.006129866138178687	2.5154	0.29288478922369565	80	20.14	0.05	0.04	12.62	0.42	0.28	4.86	10.29	0.86	0.48	368	9.34	1.31	60.03	-0.1	-1.25	115.98	23.84	0.35	-0.56	0.1	0.35	-0.72
15	fg3_m13	1	2.32	0	1	0.0	0.0	0.5793045058936865	-2.309379341081217	4.435976156894352	0.04798427747974598	-0.005402824707306655	2.6314	0.21319094287965146	86	25.55	0.06	0.05	13.69	0.42	0.29	11.26	16.7	0.86	0.48	368	8.75	1.24	62.44	-0.09	-1.24	115.24	24.09	0.34	-0.56	0.09	0.34	0.15
16	fg3_m13	1	2.35	0	1	0.0	0.0	0.5683298269364612	-2.3515246478651717	4.375243460760129	0.06886809121484909	0.006300545987891754	2.9229	0.10714449273242528	93	19.56	0.05	0.05	13.32	0.41	0.32	20.69	29.53	0.86	0.48	368	7.85	3.55	64.05	-0.07	-1.23	113.61	25.16	0.3	-0.57	0.07	0.3	0.24
17	fg3_m13	1	2.37	0	2	17.269155711597193	7.738200886967733	0.5835466470391661	-2.444104323821469	4.425123532896994	0.029726307569714137	-0.0033936154897811505	2.7043	0.1909645856387497	99	19.12	0.04	0.04	12.88	0.4	0.32	10.03	14.24	0.86	0.48	368	7.55	9.22	64.41	-0.09	-1.31	114.1	23.44	0.21	-0.75	0.09	0.21	-0.19
18	fg3_m13	1	2.4	0	2	14.368631378612411	7.397415279336905	0.590159591135529	-2.38208314068239	4.411242909697666	0.030937361026052906	-0.0023400346559132963	2.6888	0.2817392567953251	105	12.38	0.05	0.04	13.5	0.41	0.34	14.57	14.16	0.86	0.48	368	7.6	12.23	66.71	-0.07	-1.3	114.48	22.88	0.52	-0.42	0.07	0.52	-0.05
19	fg3_m13	1	2.42	0	2	11.713115856499426	7.398778059101615	0.6372896284680228	-0.7759564337667665	4.509324846584881	0.04926270179621467	-0.0029185428203040193	2.7316	0.4915740644666861	112	10.65	0.05	0.05	14.05	0.41	0.35	18.28	12.11	0.86	0.64	368	7.31	15.56	67.32	-0.08	-1.31	114.62	25.04	0.27	-0.36	0.08	0.27	-0.42
20	fg3_m13	1	2.44	0	2	6.350171594816258	6.950243175887959	0.6271948099960696	-0.9524309604211902	4.5803609998057215	0.2883573189798507	0.062421248700852625	2.8465	0.5011305531001387	119	10.76	0.05	0.05	13.11	0.44	0.38	6.86	11.53	0.68	0.48	368	8.62	19.38	67.14	-0.09	-1.27	117.75	22.54	0.24	-0.4	0.09	0.24	-0.16
21	fg3_m13	1	2.46	0	1	0.0	0.0	0.607791289767888	-1.8980352935023659	3.674522946647972	0.187327333009378	-0.0008244507864144943	2.1415	0.3761790475810122	125	8.3	0.1	0.03	17.81	0.38	0.39	13.22	16.11	0.96	0.48	368	7.9	21.66	64.04	-0.14	-1.36	131.15	29.24	-0.11	-0.81	0.14	0.11	-0.91
22	fg3_m13	1	2.49	0	2	3.4840421876830954	14.689262776438644	0.5887021489566833	-1.2166528521954263	3.5864941926591305	0.21956291355973195	0.036276720513239	1.9053	0.4741880398742901	132	22.18	0.09	0.08	27.71	0.5	0.57	5.73	16.28	0.68	0.48	1105	15.26	5.13	75.34	0.05	-1.14	119.01	30.85	0.37	-0.52	0.05	0.37	-0.09
23	fg3_m13	1	2.51	0	2	2.6193585953647407	23.91993526620584	0.579436029984946	-1.3364802447512651	3.7114481995782778	0.3189601516249181	0.043563386464895576	2.1939	0.5979390872924045	139	16.48	0.17	0.07	25.53	0.42	0.49	48.31	65.32	0.43	0.88	1104	14.85	9.28	62.34	0.11	-1.05	114.4	27.95	0.38	-0.56	0.11	0.38	0.2
24	fg3_m13	1	2.56	0	1	0.0	0.0	0.5932673431487303	-1.6667031720983652	4.078941584853934	0.2155598128925053	-0.016885443681004704	2.1755	0.7224203368234134	146	62.43	0.11	0.02	25.89	0.36	0.1	9.75	13.29	0.86	0.48	368	9.58	17.68	62.28	-0.29	-1.03	140.96	23.71	-0.52	-0.32	0.29	0.52	-1.22
25	fg3_m13	1	2.59	0	1	0.0	0.0	0.5751330266212772	-2.132563817313903	3.7466220524173015	0.14694054340344415	-0.0014474601385554699	2.2754	0.4240165060304881	152	2.02	0.06	0.03	15.26	0.39	0.17	16.88	20.17	0.68	0.48	368	10.16	4.66	65.78	0.1	-1.17	140.1	20.06	-0.02	-0.57	0.1	0.02	-1.29
26	fg3_m13	1	2.64	0	1	0.0	0.0	0.5621808250376986	-1.9917809391795067	3.9341137368053554	0.18662732345923935	-0.00010560377939197697	2.5505	0.1988130252059137	159	20.88	0.05	0.03	13.17	0.39	0.23	19.26	27.8	0.86	0.48	368	10.85	4.91	61.89	0.09	-1.09	140.05	23.62	0.23	-0.55	0.09	0.23	-0.39
27	fg3_m13	1	2.69	0	1	0.0	0.0	0.5986999917516028	-2.188897154300092	4.193749402449853	0.09723757673506644	-0.005281904471201915	2.4644	0.4059985841437132	166	9.17	0.04	0.03	14.3	0.37	0.34	9.23	9.01	0.68	0.48	368	7.66	2.98	66.89	-0.02	-1.15	138.71	23.58	0.12	-0.77	0.02	0.12	2.58
28	fg3_m13	1	2.74	0	1	0.0	0.0	0.6185500633106877	-2.307231478331623	4.273338247795498	0.11504975486621902	-0.0016268730244003765	2.5275	0.3916928493441834	173	2.68	0.06	0.03	16.46	0.34	0.39	19.72	24.99	0.86	0.48	368	6.93	5.32	69.49	-0.01	-1.11	138.62	24.59	0.26	-0.54	0.01	0.26	-0.31
29	fg3_m13	1	2.79	0	1	0.0	0.0	0.60673589496159	-2.3180422140450285	4.4330618093489385	0.07717113579023382	-0.006438438922018417	2.6236	0.33865919178204884	179	0.71	0.05	0.04	14.07	0.37	0.41	19.13	18.27	0.96	0.48	368	7.54	3.46	69.31	-0.01	-1.07	137.51	24.69	0.24	-0.47	0.01	0.24	-1.14
30	fg3_m13	1	2.84	0	1	0.0	0.0	0.6068892615561579	-2.2268348415438464	4.2189957313454505	0.0771963581718683	-0.008864574420883366	2.5368	0.3055677798942467	185	6.15	0.05	0.04	15.23	0.36	0.35	21.89	28.59	0.68	0.48	368	7.6	1.6	69.59	-0.11	-1.07	135.33	23.96	0.17	-0.69	0.11	0.17	0.2
31	fg3_m13	1	2.93	0	1	0.0	0.0	0.5932193524340725	-2.2421748515630244	3.985409602655196	0.05421581309123167	0.00306712524862924	2.3828	0.3628445267112235	191	4.15	0.03	0.04	8.77	0.41	0.26	22.38	6.79	0.68	0.77	368	8.05	9.02	72.98	0.06	-1.14	137.29	23.55	0.18	-0.63	0.06	0.18	1.13
32	fg3_m13	1	3.03	0	1	0.0	0.0	0.5899263953990443	-2.3045495782852794	4.230842114721294	0.032017215283659764	-0.0065331110573499575	2.4005	0.33822940945337804	197	7.33	0.06	0.04	14.21	0.38	0.36	7.81	12.92	0.68	0.48	368	7.88	6.73	70.02	-0.18	-1.15	135.87	24.92	0.2	-0.6	0.18	0.2	-0.03
33	fg3_m13	0	3.13	0	1	0.0	0.0	0.6085771057363681	-2.334460001943992	4.3998587670963625	0.023710867870902028	-0.002398908344195241	2.4752	0.3252778160553945	204	7.21	0.05	0.04	14.43	0.38	0.35	15.24	19.89	0.86	0.48	368	7.43	7.47	72.39	-0.12	-1.13	134.09	24.05	0.05	-0.74	0.12	0.05	0.12
34	fg3_m13	0	3.62	0	1	0.0	0.0	0.6045960399515271	-2.351279361666113	4.1684174187104555	0.0044618024556728935	0.0009476213466990957	2.4508	0.2704066693011014	211	6.36	0.04	0.03	14.59	0.43	0.33	16.28	7.56	1.09	0.48	368	8.23	6.52	77.5	0.03	-1.18	136.86	23.27	0.31	-0.62	0.03	0.31	-0.93
35	fg3_m13	0	4.6	0	1	0.0	0.0	0.5742415761268275	-2.3502261278928547	4.122729770608865	-0.050233953720801534	-0.011957572321603755	2.4806	0.12024461071539087	218	2.18	0.07	0.05	18.13	0.4	0.34	23.94	18.98	0.86	0.48	368	8.47	4.76	72.26	-0.01	-1.11	131.36	25.6	0.41	-0.75	0.01	0.41	-0.55
36	fg3_m13	0	0.2	1	1	0.0	0.0	0.5910750138488209	-1.5715842237988116	3.2691728453169664	-0.0017290460216653901	0.0815458869334292	0.5105	0.07282144630739652	1	0.25	0.06	0.08	9.0	0.87	0.85	3.96	2.14	0.43	0.48	874	23.29	1.29	115.83	0.0	-1.43	55.47	17.3	-0.1	1.15	0.0	0.1	0.27
37	fg3_m13	1	0.39	1	2	13.633831479214194	1.7600297142988657	0.666021192657339	-0.7991974191171902	2.0613455702575614	0.4255422387051305	0.037251082973263634	0.5469	0.6806499425316582	8	19.26	0.05	0.08	13.9	0.86	0.84	5.44	6.72	1.25	0.48	944	22.67	2.26	123.22	-0.03	-1.18	63.64	30.58	5.56	74.78	0.03	5.56	1.58
39	fg3_m13	1	0.78	1	1	0.0	0.0	0.6028001352015904	-1.903307297322273	3.3483605458233088	0.15242661111587152	0.007026511805741146	1.2815	0.27322876760424863	17	5.72	0.02	0.03	10.12	0.68	0.7	20.38	28.92	0.96	0.48	786	15.77	17.66	94.07	0.07	-1.21	80.99	17.54	0.01	0.07	0.07	0.01	-0.63
40	fg3_m13	1	0.98	1	1	0.0	0.0	0.5733044649138873	-2.1618316123232484	3.7923494231118196	0.07934532126779972	0.024400409126975126	1.6098	0.31885824442740995	22	0.06	0.03	0.04	10.71	0.73	0.71	9.47	16.26	0.68	0.48	1042	19.62	2.82	107.49	0.05	-1.26	78.81	19.18	0.29	0.39	0.05	0.29	1.54
41	fg3_m13	1	1.17	1	1	0.0	0.0	0.6470340651292701	-1.8512731902804456	3.4599289992409417	0.10721690337583596	0.01601031698641806	1.584	0.3640368008578189	28	1.38	0.02	0.05	10.42	0.68	0.69	11.89	17.8	0.68	0.48	787	14.79	6.62	104.23	0.01	-1.27	83.45	21.01	0.2	0.6	0.01	0.2	-0.16
42	fg3_m13	1	1.37	1	1	0.0	0.0	0.5283273986925626	-2.010909006576548	3.4712486996763254	0.10656987450992238	0.024013808314112303	1.5669	0.4246414886881604	34	2.77	0.03	0.05	10.9	0.68	0.64	22.17	38.1	0.91	0.48	827	16.26	2.25	100.97	0.02	-1.16	83.2	20.48	0.95	1.22	0.02	0.95	-0.09
43	fg3_m13	1	1.47	1	1	0.0	0.0	0.606269221937244	-2.0925385489239257	3.470343370378125	0.09991161111324624	0.005959846854551481	1.6896	0.1891684512631192	40	0.42	0.02	0.03	6.81	0.6	0.67	22.67	36.42	0.96	0.77	630	12.29	5.48	89.21	0.1	-1.08	90.71	23.86	0.4	0.19	0.1	0.4	-1.08
44	fg3_m13	1	1.66	1	1	0.0	0.0	0.5585575060063633	-1.8442379002075595	3.6232672213342063	0.14112542272870005	0.023358840642859008	1.7579	0.21519021306635966	45	1.85	0.03	0.06	9.91	0.69	0.68	4.82	14.23	0.68	0.48	901	17.2	6.91	92.93	0.02	-1.19	80.05	20.62	1.41	2.1	0.02	1.41	-0.03
45	fg3_m13	1	1.76	1	1	0.0	0.0	0.6208694149770482	-2.082532752345564	3.394633229325949	0.04477857080233689	0.009477748267087024	1.6392	0.15351571692813235	52	1.43	0.03	0.04	12.88	0.6	0.64	9.73	22.81	0.96	0.48	615	11.77	1.01	94.59	0.0	-1.09	94.52	23.59	0.45	0.04	0.0	0.45	0.44
46	fg3_m13	1	1.86	1	1	0.0	0.0	0.5721673740175955	-2.140905107807394	3.7257286546923103	-0.012428124396225685	0.014019247270098768	1.7314	0.1482586665095086	56	5.82	0.03	0.05	11.19	0.68	0.7	3.95	8.47	0.68	0.48	859	15.67	0.24	100.16	-0.05	-1.24	83.7	24.27	1.14	1.29	0.05	1.14	0.3
47	fg3_m13	1	2.05	1	2	11.243886459625292	2.5963306483711643	0.6232429068556717	-0.6397197135592229	1.3562829491625497	0.3750926257799431	0.1088532793886828	1.6722	0.27259299662567604	61	1.29	0.03	0.03	12.39	0.61	0.6	2.09	3.98	0.96	0.48	689	12.82	43.22	89.48	0.04	-0.97	93.17	25.83	0.74	0.04	0.04	0.74	-0.46
48	fg3_m13	1	2.15	1	2	14.465241456956615	7.8682835094841295	0.6427628932899188	-0.5777832894998722	3.509842864976963	0.22360514070141432	0.009536022529705151	2.3957	0.5474601526639454	68	27.08	0.04	0.05	13.96	0.61	0.48	13.74	26.67	1.36	0.48	759	13.87	1.85	93.14	-0.04	-1.11	107.9	28.63	0.32	-0.72	0.04	0.32	0.78
50	fg3_m13	1	2.3	1	1	0.0	0.0	0.5291680216489792	-2.152972388263489	3.912767944613224	0.05830392936610506	-0.0008100528924431161	2.4183	0.4387899655666917	81	2.27	0.04	0.06	15.87	0.6	0.5	11.41	32.63	1.09	0.48	716	14.6	3.24	85.31	-0.02	-1.09	106.67	25.34	0.47	0.11	0.02	0.47	-1.0
51	fg3_m13	1	2.32	1	1	0.0	0.0	0.535329521499412	-2.2090961327576037	3.874875925608712	0.08177838639722755	-0.0015490930548191474	2.5485	0.37412606856645575	87	4.17	0.05	0.05	12.55	0.59	0.49	7.79	18.98	0.86	0.77	1059	15.35	0.94	94.08	-0.0	-1.24	104.33	22.34	0.86	0.96	0.0	0.86	0.27
52	fg3_m13	1	2.35	1	1	0.0	0.0	0.5360692789562809	-2.2480798902775256	3.8082334921644505	0.053102970995492695	-0.000252303394139194	2.6207	0.2544816828010851	94	3.66	0.03	0.04	12.32	0.6	0.53	3.23	8.28	1.09	0.48	1099	14.8	6.42	91.85	-0.05	-1.22	101.03	22.88	0.91	0.74	0.05	0.91	-0.41
53	fg3_m13	1	2.37	1	2	16.722975299635632	6.5228891772856	0.5675422010667289	-2.3217106081983347	3.989276796696674	0.042487909447184766	-0.002104943301760513	2.7632	0.18737706174093133	100	1.53	0.03	0.04	13.38	0.55	0.51	9.52	19.2	0.86	0.48	764	12.13	12.46	83.41	0.07	-1.07	109.13	23.66	0.81	0.52	0.07	0.81	-0.03
54	fg3_m13	1	2.4	1	2	13.806096846140141	6.3503841850404035	0.5809426598335731	-2.146231564227965	4.015336275469016	0.047670004017613656	-0.00670406564456808	2.7255	0.32607565946435496	106	1.14	0.03	0.04	14.37	0.53	0.5	19.45	14.64	0.68	0.48	368	11.14	20.54	78.44	0.08	-1.13	121.93	27.11	0.28	-0.53	0.08	0.28	0.1
55	fg3_m13	1	2.42	1	2	11.18567640214983	6.217846551398492	0.6241415075551071	-0.5598824664474307	4.077312770676921	0.2155485741473783	-0.007418631057656162	2.7122	0.6278035859887178	113	2.06	0.04	0.04	14.48	0.52	0.48	3.79	8.41	0.68	0.48	368	10.09	20.03	81.01	0.0	-1.18	120.76	27.24	0.29	-0.46	0.0	0.29	0.33
56	fg3_m13	1	2.44	1	2	5.990738932557126	5.782025464416259	0.581603661730974	-0.8323155380004464	1.7500738126395972	0.4310912918782437	0.09678524969766916	2.7271	0.3485158980431671	120	4.49	0.03	0.05	11.09	0.7	0.53	11.56	26.1	1.92	0.48	1474	25.18	13.49	101.21	-0.32	-1.42	99.55	22.25	0.95	0.97	0.32	0.95	-0.5
57	fg3_m13	1	2.46	1	1	0.0	0.0	0.6204849496304355	-1.916362733589112	3.9802810982719694	0.13678873719747556	0.001976370674632617	2.1792	0.5177693545303069	126	10.26	0.05	0.03	15.37	0.5	0.59	7.47	12.04	0.68	0.48	368	9.98	33.04	82.52	-0.05	-1.22	136.14	27.49	-0.24	-0.7	0.05	0.24	-1.08
58	fg3_m13	1	2.49	1	2	3.2320997201681694	17.376407787487487	0.5958226602713891	-1.2904258200241137	3.6257822438334792	0.19420705278396766	0.024554702559704787	2.1133	0.3285329806764041	133	19.66	0.05	0.06	25.47	0.47	0.64	30.87	25.9	0.68	1.07	733	14.15	14.14	73.82	0.22	-0.83	128.01	30.63	0.59	0.29	0.22	0.59	-0.74
59	fg3_m13	1	2.51	1	2	2.4587358314566683	19.868267565668546	0.5955708862596241	-1.2668178101142804	3.7461497372252506	0.3125502857429477	0.038033746663964786	2.8259	0.4808034563321684	140	21.66	0.12	0.06	21.31	0.45	0.6	48.2	58.46	0.68	0.88	755	13.02	23.56	59.32	0.61	-0.78	112.84	26.15	0.39	-0.23	0.61	0.39	-1.38
60	fg3_m13	1	2.56	1	1	0.0	0.0	0.5874237480570055	-1.7258565352519142	4.083545309705007	0.21766454325644172	-0.0077974349264156905	2.1182	0.6441464725617029	147	70.53	0.11	0.02	20.31	0.34	-0.23	11.08	9.93	0.68	0.48	368	8.66	20.77	63.23	-0.3	-1.04	140.68	22.31	-0.64	-0.22	0.3	0.64	-0.57
61	fg3_m13	1	2.59	1	1	0.0	0.0	0.5646439664817647	-2.1477395971703497	3.713754287056544	0.13213410798405273	0.0028911643871979307	2.2566	0.3836851461060985	153	16.49	0.06	0.04	14.12	0.37	0.18	12.92	24.71	0.86	0.48	368	9.14	6.21	66.35	-0.02	-1.14	139.28	23.27	-0.23	-0.43	0.02	0.23	-0.82
62	fg3_m13	1	2.64	1	1	0.0	0.0	0.5615554442383505	-2.0926677219921093	4.1988493549834685	0.12832568829605642	0.0004110238926699817	2.8775	0.3015752059169899	160	7.73	0.04	0.03	14.05	0.37	0.29	24.31	26.52	0.86	0.48	368	10.38	4.75	61.88	0.01	-1.04	142.59	23.8	0.09	-0.62	0.01	0.09	0.22
63	fg3_m13	1	2.69	1	1	0.0	0.0	0.5918788040585994	-2.270119857065444	4.434803325065877	0.10665705784028874	0.001985280540008786	2.7078	0.3645373950932445	167	10.69	0.06	0.04	11.45	0.37	0.38	28.62	28.73	0.96	0.77	368	8.75	3.09	65.9	0.0	-0.97	140.41	24.02	0.06	-0.58	0.0	0.06	0.59
64	fg3_m13	1	2.74	1	1	0.0	0.0	0.608833968629708	-2.3291111984316903	4.444093819871238	0.10072602054751092	0.001873292405928152	2.7889	0.42497140196922656	174	3.92	0.06	0.04	13.76	0.36	0.43	23.64	27.39	0.68	0.77	368	8.05	6.11	68.05	-0.01	-0.88	140.03	25.37	-0.0	-0.96	0.01	0.0	-0.44
65	fg3_m13	1	2.79	1	1	0.0	0.0	0.600906198551084	-2.333169474157192	4.38409834470492	0.06835786950639097	-0.0029573342150954053	2.6368	0.3967611824971339	180	0.73	0.03	0.02	8.76	0.38	0.48	14.36	10.78	0.68	0.77	368	8.32	6.48	70.57	-0.03	-0.98	141.41	24.37	0.12	-0.54	0.03	0.12	-1.09
66	fg3_m13	1	2.84	1	1	0.0	0.0	0.5911291861115281	-2.20873468859879	4.279001052121907	0.08632620598001489	0.0008115377549157534	2.4056	0.219809929495298	186	0.34	0.04	0.03	9.76	0.4	0.47	19.73	16.8	0.68	0.77	368	8.35	0.65	73.46	-0.12	-1.03	138.97	23.37	-0.09	-0.68	0.12	0.09	-0.52
67	fg3_m13	1	2.93	1	1	0.0	0.0	0.6139959886648895	-2.33182321275258	3.9346994270747118	0.05920944323212745	0.008990033651408687	2.4891	0.3289885664837548	192	3.13	0.02	0.03	9.94	0.41	0.36	11.98	7.88	0.68	0.77	368	8.68	7.42	74.4	-0.1	-0.98	140.61	24.88	0.12	-0.79	0.1	0.12	0.95
68	fg3_m13	1	3.03	1	1	0.0	0.0	0.5807277735555547	-2.3260422511662213	4.210263331927903	0.044592065452966095	-0.005667589946089621	2.6551	0.4185781082710548	198	2.16	0.04	0.02	12.43	0.4	0.47	11.14	5.62	0.68	0.77	368	8.56	12.17	72.84	-0.04	-1.01	140.16	24.15	0.2	-0.86	0.04	0.2	-1.0
69	fg3_m13	0	3.13	1	1	0.0	0.0	0.5818390992104929	-2.297462475798143	4.190713467068792	0.02118843417050153	-0.003529091928725386	2.3369	0.2477296649980884	205	1.06	0.04	0.03	14.3	0.4	0.38	3.87	10.04	0.86	0.48	368	7.75	9.11	76.89	-0.02	-1.06	139.44	23.25	0.07	-0.52	0.02	0.07	0.08
70	fg3_m13	0	3.62	1	1	0.0	0.0	0.5886372607436148	-2.3261892382769074	4.16741118550337	-0.005675990983812489	-0.003395830967385598	2.5219	0.1637099202024561	212	1.14	0.03	0.02	8.79	0.44	0.43	13.98	19.28	0.68	0.77	368	8.33	18.95	79.97	-0.0	-1.06	138.04	26.61	-0.04	-0.64	0.0	0.04	1.17
71	fg3_m13	0	0.2	2	1	0.0	0.0	0.5468387840241099	-1.5586783036541294	3.1388022159765954	-0.014095709450304488	0.031290666786337615	0.5309	0.1256249610406718	2	0.63	0.04	0.06	11.17	0.82	0.82	4.27	4.17	0.68	0.77	990	23.72	20.22	115.73	-0.04	-1.36	56.71	18.17	-0.49	0.66	0.04	0.49	0.3
72	fg3_m13	1	0.39	2	2	5.168068661932089	2.102228889472208	0.5383296530138185	-1.1524576582047137	1.9179091968943955	0.7613890534272758	0.0389772139618279	0.5692	1.0203049029702496	9	0.25	0.02	0.06	8.56	0.71	0.71	8.31	9.23	1.29	0.77	1346	18.66	6.1	112.45	-0.53	-1.1	71.1	28.41	1.05	2.49	0.53	1.05	-1.97
73	fg3_m13	1	0.68	2	1	0.0	0.0	0.5432752778501944	-2.024629285462876	3.740552803636795	0.21669420893598929	0.00879383730041198	1.8894	0.6100703349702018	15	1.82	0.04	0.05	10.36	0.68	0.59	21.73	28.29	0.3	0.77	993	15.97	22.91	103.07	-0.02	-1.34	82.64	22.65	0.45	-0.18	0.02	0.45	0.39
74	fg3_m13	1	0.78	2	1	0.0	0.0	0.5687454083048128	-2.2273159120418944	3.8792485800320766	0.028565564517139038	0.0249070998261379	1.8969	0.30925573964158504	18	1.45	0.03	0.04	11.8	0.71	0.6	18.46	24.45	0.68	0.48	1073	17.89	19.48	99.22	0.05	-1.17	82.8	21.0	0.57	0.28	0.05	0.57	-0.57
75	fg3_m13	1	0.98	2	1	0.0	0.0	0.5226130651649348	-2.0748110697014965	3.4838028036985085	0.17861866263130913	0.007002722882405094	2.1219	0.6101919192183171	23	4.32	0.03	0.05	15.28	0.62	0.64	20.5	29.74	1.09	0.48	683	12.64	15.6	89.81	0.18	-1.15	87.21	22.93	0.72	0.38	0.18	0.72	0.61
76	fg3_m13	1	1.17	2	1	0.0	0.0	0.5124449605958994	-2.032307211684828	3.4649583196983533	0.1799094586217053	0.0021850422735947557	1.8986	0.4997301096573213	29	4.61	0.03	0.04	13.03	0.67	0.54	15.59	17.77	1.29	0.48	966	15.69	4.89	101.36	0.04	-1.15	84.42	21.12	0.65	0.91	0.04	0.65	-0.86
79	fg3_m13	1	1.66	2	1	0.0	0.0	0.6043342692886379	-2.2970847531350094	4.053378653605298	0.06939039235809041	0.005741932022520368	2.4716	0.24939082065016685	46	7.31	0.03	0.05	8.43	0.59	0.63	12.87	20.48	0.86	0.77	712	12.18	2.22	90.11	-0.14	-1.04	87.91	26.56	0.98	0.53	0.14	0.98	-1.24
82	fg3_m13	1	2.05	2	2	9.98879437806298	5.885183382228115	0.6461215651671879	-1.288059535818241	4.445868514204665	0.2119030005276936	-0.031135845905974607	2.6339	0.8025524744184621	62	7.53	0.03	0.04	12.9	0.68	0.68	4.11	5.37	1.36	0.48	943	16.6	29.63	95.84	-0.11	-1.3	83.91	24.03	1.78	3.37	0.11	1.78	-0.18
83	fg3_m13	1	2.15	2	2	8.944453576254844	7.608867124912625	0.6102985779974331	-1.1634385355038053	4.448042598104187	0.240671622026214	0.022538770103933625	3.1792	0.6456043443338709	69	34.85	0.04	0.05	15.65	0.62	0.39	5.5	10.82	0.68	0.48	1486	18.76	24.68	96.56	0.28	-0.98	95.74	20.91	0.63	1.45	0.28	0.63	-0.09
84	fg3_m13	1	2.25	2	2	13.846265422087269	7.46655038321432	0.5948905243779966	-2.1906569916835092	4.057697815807848	0.012719567349737709	-0.04066343803688468	2.331	0.4996795562834758	75	8.42	0.05	0.04	19.83	0.48	0.51	5.45	7.83	1.09	0.48	368	10.28	25.85	73.94	-0.02	-1.26	118.57	24.5	0.21	-0.33	0.02	0.21	-0.48
85	fg3_m13	1	2.3	2	2	14.128550591110056	8.8015670143002	0.5614908268995001	-2.170972099204641	4.009868235664723	0.0563459656322201	-0.00477514189911175	2.2932	0.3400925316543187	82	2.24	0.05	0.04	17.74	0.46	0.52	4.76	5.51	1.09	0.48	368	9.76	24.53	73.17	-0.06	-1.25	122.74	25.07	0.31	-0.48	0.06	0.31	1.13
86	fg3_m13	1	2.32	2	2	13.944051544376295	9.677429139670318	0.5514267040341768	-2.217256133018904	3.9348479313211726	0.05750335390338793	-0.004424796191191452	2.4282	0.2654039475726457	88	2.84	0.05	0.04	18.07	0.47	0.51	5.92	7.25	0.68	0.48	368	10.27	19.65	74.79	-0.01	-1.21	121.15	26.74	0.34	-0.43	0.01	0.34	0.18
87	fg3_m13	1	2.35	2	2	13.202336940649754	9.784981299592642	0.5406263903123494	-2.2370135292425197	3.8334879253681766	0.07295508102733783	0.0004166903351406205	2.4929	0.2187912501934332	95	3.77	0.02	0.03	8.46	0.49	0.51	2.61	7.36	1.09	0.77	763	11.49	22.5	77.69	0.05	-1.11	104.97	25.67	0.99	0.73	0.05	0.99	0.6
88	fg3_m13	1	2.37	2	2	12.374235793463075	9.766073758956443	0.5619153741095091	-2.3066709415108204	4.001317434810787	0.03390006733690725	-0.00036019315361682453	2.5954	0.22960600072774534	101	3.35	0.03	0.02	7.46	0.49	0.49	3.25	8.63	1.09	0.77	763	11.51	23.2	79.31	0.03	-1.25	106.32	24.87	1.1	0.75	0.03	1.1	-1.71
89	fg3_m13	1	2.4	2	2	10.50156993554352	9.991714128346096	0.6036740250227138	-1.1205461525461549	4.125830406398412	-0.009179228293837924	-0.012000014574130208	2.6756	0.3144182888582328	107	1.82	0.04	0.04	18.4	0.48	0.47	4.67	5.76	0.68	0.48	368	10.99	20.5	75.77	0.03	-1.2	121.96	27.56	0.41	-0.39	0.03	0.41	-0.42
90	fg3_m13	1	2.42	2	2	8.672006201309816	9.111712330429183	0.6225428633410706	-1.0306644778235117	4.569675150988741	0.14021808305033653	-0.036308213768845035	2.6915	0.6263742364881545	114	2.42	0.04	0.05	17.93	0.48	0.41	4.95	6.35	0.86	0.48	368	11.1	22.7	74.84	-0.0	-1.2	122.99	26.44	0.56	-0.22	0.0	0.56	0.21
91	fg3_m13	1	2.44	2	2	4.870295031560672	8.267229616125046	0.5956605273752953	-1.2927350414590846	3.816545927266178	0.2118701292796028	0.023532707568814884	2.665	0.6104872639710713	121	11.78	0.04	0.06	14.93	0.48	0.37	1.91	4.92	0.86	0.48	1165	14.97	17.97	92.47	-0.06	-0.86	113.66	37.86	1.57	2.76	0.06	1.57	-0.39
92	fg3_m13	1	2.46	2	1	0.0	0.0	0.550842982830208	-2.1103270111529784	3.850484675512376	0.12407187387495068	-0.002150833713790157	2.2192	0.4049489197458117	127	17.68	0.07	0.09	24.84	0.39	0.24	19.77	14.68	0.68	0.48	368	9.98	8.52	84.06	-0.54	-1.01	160.34	48.23	0.68	-0.25	0.54	0.68	-1.51
93	fg3_m13	1	2.49	2	2	2.650565623598106	14.486384228706406	0.5489956586063433	-1.38453585202318	2.9898935664496697	0.25203005856151145	0.020690339718890647	1.6263	0.4480471758350084	134	10.4	0.05	0.06	18.35	0.45	0.08	5.14	6.62	0.86	0.48	368	11.01	7.12	73.43	-0.21	-1.06	129.42	20.36	-0.01	-0.41	0.21	0.01	-2.28
94	fg3_m13	1	2.51	2	2	1.7750728850450703	22.22081583625721	0.5642865849461911	-1.6463284358879922	3.4494974332255963	0.25817618010164417	0.015968778512957024	2.4067	0.4076716255632571	141	15.59	0.05	0.05	14.78	0.38	0.21	42.37	48.08	1.09	1.07	764	12.04	3.21	68.13	0.17	-0.85	117.87	22.25	0.45	0.06	0.17	0.45	-1.18
95	fg3_m13	1	2.56	2	1	0.0	0.0	0.5830972303069929	-2.073081129460527	3.9910718791300193	0.18376540617827952	-0.010027984790926177	2.1577	0.5590958301183709	148	2.81	0.04	0.04	7.24	0.34	0.5	16.06	17.7	0.68	0.77	368	11.23	15.24	58.08	0.15	-1.0	134.2	21.6	-0.05	-0.81	0.15	0.05	-2.26
96	fg3_m13	1	2.59	2	1	0.0	0.0	0.5769294127573965	-2.1957977386743166	4.160519477164572	0.09175812760829732	-0.005850018736236582	2.2372	0.3261232242374933	154	14.16	0.04	0.04	15.37	0.33	0.46	7.46	7.77	0.68	0.48	368	10.02	2.02	59.51	0.06	-1.11	141.66	22.24	-0.21	0.08	0.06	0.21	1.03
97	fg3_m13	1	2.64	2	1	0.0	0.0	0.5893552163275398	-1.954635048000672	4.159587950525442	0.15129681436388995	-0.003075093137149393	2.2738	0.2865297866379166	161	10.39	0.04	0.03	16.38	0.36	0.39	4.4	6.29	0.96	0.48	368	8.94	1.77	66.85	0.04	-1.07	138.97	22.93	-0.17	-0.22	0.04	0.17	-1.15
98	fg3_m13	1	2.69	2	1	0.0	0.0	0.6024563692117026	-2.0107039907752053	4.439944384496839	0.09968122606898712	-0.001995201642400121	2.53	0.44826573100404904	168	15.6	0.05	0.05	18.95	0.33	0.3	7.24	9.56	0.86	0.48	368	7.8	6.45	67.23	-0.19	-1.04	141.6	25.87	0.13	-0.67	0.19	0.13	-1.73
99	fg3_m13	1	2.74	2	1	0.0	0.0	0.6088470694663705	-2.360437061289644	4.062425795832876	0.10624519682572993	0.0027147146185772923	2.6421	0.4879631621351402	175	10.34	0.05	0.04	17.67	0.35	0.27	8.85	10.35	1.09	0.48	368	8.3	16.48	68.01	0.01	-0.95	140.78	24.06	0.11	-0.59	0.01	0.11	-0.05
100	fg3_m13	1	2.79	2	1	0.0	0.0	0.5707206060676808	-2.2212841135069694	4.0895058324751385	0.08858006084320189	0.0022845276121251303	2.4747	0.4117197508688078	181	11.74	0.04	0.03	10.35	0.35	0.25	4.45	6.11	0.96	0.48	368	8.04	9.29	69.69	-0.11	-1.0	140.82	23.03	0.13	-0.73	0.11	0.13	0.32
101	fg3_m13	1	2.84	2	1	0.0	0.0	0.5840070187667168	-2.276036216303483	4.268551462412437	0.06682769487309463	-0.0027644012332223	2.617	0.2058770557661828	187	4.42	0.05	0.04	13.51	0.35	0.21	18.81	22.7	0.86	0.77	368	8.02	3.92	69.35	-0.07	-1.02	141.54	25.32	0.33	-0.41	0.07	0.33	-0.29
102	fg3_m13	1	2.93	2	1	0.0	0.0	0.6121561858673095	-2.3639071524797663	4.367207509738344	0.0077693617996850844	-0.0033700152746770178	2.4957	0.18230466216707472	193	3.69	0.04	0.03	10.94	0.36	0.34	11.06	14.56	0.86	0.77	368	8.26	0.51	70.54	-0.04	-0.99	138.94	25.96	0.04	-0.05	0.04	0.04	1.43
103	fg3_m13	1	3.03	2	1	0.0	0.0	0.6160843632975502	-2.334755581291568	4.485062361321718	0.01960324442061093	-0.014363433439724363	2.4530000000000003	0.3325993793884771	199	5.16	0.03	0.04	19.12	0.38	0.34	7.55	9.5	0.68	0.48	368	8.05	17.78	72.08	0.17	-0.96	136.17	25.65	0.37	-0.57	0.17	0.37	0.63
104	fg3_m13	0	3.13	2	1	0.0	0.0	0.5826921558388575	-2.2927646512117796	4.196454917022642	0.02773423780208973	-0.0051856228061570855	2.4671	0.28583076369037475	206	1.92	0.05	0.05	20.13	0.37	0.33	6.25	8.05	1.09	0.48	368	8.25	5.6	72.03	-0.14	-0.94	138.46	25.44	0.31	-0.54	0.14	0.31	1.84
105	fg3_m13	0	3.62	2	1	0.0	0.0	0.5930617708324285	-2.3290093187664263	4.269551263217608	-0.02717490653129889	-0.006695000817245906	2.3963	0.16121604269778325	213	0.37	0.03	0.03	10.39	0.36	0.32	5.1	8.27	1.09	0.48	368	6.91	18.57	76.03	0.01	-1.05	137.21	25.86	0.38	-0.6	0.01	0.38	0.57
106	fg3_m13	0	0.2	3	1	0.0	0.0	0.4735390500236557	-1.7498662532605205	2.631246311138224	-0.011216946633250728	0.0006858298653903112	0.8646	0.056440103444757576	3	1.65	0.03	0.08	9.6	0.76	0.31	8.07	18.06	1.55	0.48	1256	16.28	27.19	78.86	-0.09	-1.15	56.45	22.46	0.1	0.85	0.09	0.1	-1.43
107	fg3_m13	1	0.39	3	2	10.65582742213284	5.276670795925719	0.5509684522798786	-1.3855654331704337	3.161316892675164	0.21198974945246202	0.02983604000185165	0.8375	0.39320629111577204	10	14.56	0.03	0.1	9.31	0.87	0.36	12.62	32.95	2.04	0.48	1256	17.74	23.46	77.58	-0.02	-1.12	67.59	30.49	0.49	0.44	0.02	0.49	-0.56
108	fg3_m13	1	0.78	3	1	0.0	0.0	0.6140571928804753	-2.2875200483404403	3.863647860468836	0.1477225999732217	0.015334341721368775	3.2263	0.658731015727122	19	22.38	0.04	0.06	13.01	0.52	0.34	2.02	2.2	0.86	0.48	368	9.58	27.13	76.97	-0.05	-1.05	101.22	25.97	0.75	0.15	0.05	0.75	-0.62
109	fg3_m13	1	1.17	3	1	0.0	0.0	0.5451864930756011	-2.1566463185123155	4.345768926846951	0.07834134591126353	0.01587926916014478	3.5402	0.2739446131102361	30	8.06	0.04	0.04	10.35	0.65	0.45	2.53	5.34	0.86	0.48	762	14.31	2.6	80.71	-0.05	-1.25	82.91	26.29	0.94	0.77	0.05	0.94	-0.07
110	fg3_m13	1	1.37	3	1	0.0	0.0	0.550439262072334	-2.4820240788550785	4.473717917162269	0.16257392187847766	0.00456163966817506	3.6153	0.4090135046381318	35	16.45	0.03	0.05	11.73	0.49	0.46	3.1	4.63	0.86	0.48	368	9.29	10.54	75.53	-0.07	-1.14	108.45	28.24	0.61	-0.34	0.07	0.61	1.03
111	fg3_m13	1	1.47	3	1	0.0	0.0	0.5900614684136806	-2.4888717444279123	4.88455745001364	0.08549003334247365	0.007258175916951139	3.9186	0.3659409702198029	41	1.97	0.03	0.06	9.83	0.57	0.4	2.49	4.74	0.86	0.48	738	12.22	6.48	78.8	-0.04	-1.22	86.77	29.46	1.11	0.6	0.04	1.11	-0.0
112	fg3_m13	1	1.66	3	1	0.0	0.0	0.6304465562893015	-2.105254363878724	4.2269728393513795	0.15570261720959874	0.002363652882281733	3.5356	0.6807039729032203	47	19.24	0.03	0.04	11.72	0.48	0.32	2.35	3.66	0.68	0.48	368	8.67	4.5	77.45	-0.01	-1.14	107.06	28.3	0.47	-0.27	0.01	0.47	-0.9
113	fg3_m13	1	1.86	3	2	14.051561575932512	7.107551251385534	0.6048775950788428	-2.172615114260726	4.170471190587834	0.046598092554711694	-0.006519659767874828	2.8381	0.5591737976972948	57	24.55	0.03	0.05	9.19	0.62	0.52	1.68	4.62	0.86	0.48	729	13.57	28.63	76.98	-0.04	-1.21	84.55	26.49	1.38	1.5	0.04	1.38	-0.14
114	fg3_m13	1	2.05	3	2	4.469666726980643	6.264984487633513	0.6328045152254137	-1.7000649322724184	4.134423548731175	0.2713388125713517	0.03792089210738656	3.0945	0.6258419776987554	63	5.24	0.04	0.08	10.46	0.66	0.49	3.82	6.25	2.04	0.48	1042	15.91	47.8	104.54	0.48	0.76	103.91	56.22	1.75	2.58	0.48	1.75	0.3
115	fg3_m13	1	2.15	3	2	8.492175723848543	8.319170017641223	0.5991177503676611	-1.2582957998507809	4.2394630659637285	0.3271047701564602	-0.0024544329503670467	3.5869	0.7474360169436238	70	4.35	0.08	0.07	14.92	0.4	0.6	3.12	7.5	0.61	0.48	764	14.24	11.69	71.48	0.16	-1.2	123.7	34.45	0.1	-1.07	0.16	0.1	0.56
116	fg3_m13	1	2.25	3	2	11.563464000126553	8.211830943602004	0.5695635134267131	-2.2733052980520867	4.279910601057951	0.08415876201484954	-0.004962658443142647	2.5319	0.33521350426933605	76	21.42	0.05	0.05	12.01	0.43	0.35	6.07	7.14	0.86	0.48	368	7.77	15.73	75.73	-0.1	-1.2	119.92	27.65	0.12	-0.5	0.1	0.12	-2.1
117	fg3_m13	1	2.3	3	2	11.058401789539454	9.028175649662565	0.5655181000687695	-2.3668383723643704	4.233633961381544	0.03879591772278411	-0.0006948039228313957	2.7072	0.2813255621095261	83	14.68	0.05	0.04	12.32	0.44	0.44	1.2	2.22	0.86	0.48	368	8.97	16.45	73.36	-0.1	-1.2	124.72	27.49	0.39	-0.52	0.1	0.39	-0.19
118	fg3_m13	1	2.32	3	2	10.649292942113334	9.769672376342278	0.5641618490396177	-2.3907651404679773	4.281014359694502	0.03432342976090707	-1.4507741754620486e-05	2.8861	0.2418633576140977	89	12.27	0.04	0.05	10.96	0.44	0.39	1.72	2.58	0.68	0.48	368	9.48	11.71	73.93	-0.12	-1.17	127.06	26.88	0.59	-0.26	0.12	0.59	0.63
119	fg3_m13	1	2.35	3	2	9.741421485879561	11.17171891139084	0.567681670196073	-2.3286525463948418	4.200606208356828	0.06627578991272755	-0.00022925171703263154	2.8147	0.2459822358197845	96	14.65	0.05	0.05	12.05	0.45	0.41	2.6	4.51	0.86	0.48	368	10.0	6.91	72.76	-0.12	-1.19	124.77	26.57	0.25	-0.58	0.12	0.25	-0.09
120	fg3_m13	1	2.37	3	2	8.901207863184153	10.371462466262908	0.6589885057335036	-1.7486838687509425	4.498626820092962	0.10733701577857176	0.014241821294622778	2.8404	0.447733263600076	102	12.26	0.05	0.04	11.41	0.45	0.39	3.75	6.3	0.86	0.48	368	9.4	7.61	71.94	-0.15	-1.17	120.79	26.62	0.65	-0.24	0.15	0.65	-0.17
121	fg3_m13	1	2.4	3	2	7.177332253951416	9.650726323073254	0.6256797134921521	-1.7032315427304017	4.743513803767612	0.161255475330754	-0.005487512745177786	2.8037	0.5027539529664813	108	9.16	0.04	0.04	11.29	0.47	0.33	1.42	2.63	0.86	0.48	368	9.69	15.33	72.95	-0.16	-1.16	119.45	27.53	0.52	-0.4	0.16	0.52	0.15
122	fg3_m13	1	2.42	3	2	5.627627485105177	7.7896868656139375	0.6052387706500341	-1.6710808241844997	4.4595511642767045	0.21623316087462469	-0.009004989912458588	2.7045	0.5938087400601062	115	3.47	0.05	0.04	11.92	0.46	0.33	2.5	4.5	0.86	0.48	368	11.09	17.9	70.65	-0.14	-1.13	121.04	25.78	0.4	-0.26	0.14	0.4	-1.54
124	fg3_m13	1	2.46	3	1	0.0	0.0	0.6001052495331693	-2.0580563515233194	3.9069185356297167	0.0636402349069032	-0.007262185537939081	2.1016	0.6411061073026469	128	61.69	0.87	0.09	44.32	0.31	0.32	48.5	46.25	1.29	0.48	368	9.95	14.75	76.63	0.47	-0.83	180.55	73.62	0.99	0.34	0.47	0.99	0.25
125	fg3_m13	1	2.49	3	1	0.0	0.0	0.5658401687684803	-1.9467828378701133	3.460294300238516	0.2188468212824289	0.014588749482058147	1.8814	0.4985691426574853	135	37.48	0.05	0.04	10.32	0.4	0.16	12.25	15.69	0.96	0.48	368	9.82	11.4	70.65	0.3	-0.91	134.19	19.48	0.24	0.56	0.3	0.24	0.63
126	fg3_m13	1	2.51	3	1	0.0	0.0	0.5534266177397257	-1.6991935831362808	3.6776655251836714	0.2726906865506561	-0.0026346714991925158	2.1695	0.6635264369215065	142	18.8	0.07	0.07	17.53	0.38	0.29	57.75	61.63	0.96	0.88	764	11.37	4.62	69.73	-0.18	-0.94	121.24	24.56	0.21	-0.54	0.18	0.21	1.68
127	fg3_m13	1	2.56	3	1	0.0	0.0	0.5762238635190424	-1.8322727127546383	4.024945659290137	0.22731313172867004	-0.04307078670336922	2.2863	0.7139151052366924	149	12.52	0.05	0.03	11.19	0.37	0.47	26.5	41.29	0.96	0.77	761	11.66	4.22	61.49	-0.14	-0.96	116.35	24.8	0.41	-0.64	0.14	0.41	-0.86
128	fg3_m13	1	2.59	3	1	0.0	0.0	0.6104973659152918	-2.197298385287008	4.341079351594647	0.12222126926554512	-0.014175298793155091	2.3156	0.5551952368426557	155	14.04	0.07	0.05	11.9	0.37	0.45	2.15	3.43	0.68	0.48	368	9.71	8.37	63.4	-0.04	-1.24	139.9	23.72	-0.03	-0.44	0.04	0.03	0.92
129	fg3_m13	1	2.64	3	1	0.0	0.0	0.5856387136095245	-1.9320032483317344	4.284506791029553	0.20676329360095816	0.003982104395291502	2.6697	0.3730418978343612	162	6.68	0.06	0.06	12.78	0.34	0.44	4.63	7.4	0.86	0.48	368	8.54	4.8	65.0	-0.15	-1.01	141.52	26.9	-0.14	-0.38	0.15	0.14	0.17
130	fg3_m13	1	2.69	3	1	0.0	0.0	0.5910111577419969	-2.0217428200867724	4.398119312047913	0.12217821244271215	-0.005967060103322482	2.472	0.41107407596573203	169	6.23	0.04	0.02	8.98	0.37	0.33	6.8	10.27	1.09	0.77	368	7.95	20.35	70.34	0.12	-1.02	146.05	23.19	0.15	-0.44	0.12	0.15	-0.26
135	fg3_m13	0	3.13	3	1	0.0	0.0	0.5711183173366715	-2.2224882875596346	3.9801277660299146	0.05459637052803911	-0.008087279137333444	2.2836	0.3514302725793504	207	3.15	0.04	0.02	10.17	0.39	0.37	2.32	5.34	0.96	0.48	368	9.1	2.82	74.52	-0.1	-1.0	140.44	24.65	0.31	-0.21	0.1	0.31	0.89
136	fg3_m13	0	3.62	3	1	0.0	0.0	0.5750224728043084	-2.3123576279689857	4.1271383070048495	-0.007553715839179621	-0.0045705327399403785	2.4709	0.1485735148978254	214	0.51	0.05	0.03	10.83	0.4	0.47	16.71	17.02	0.96	0.48	368	8.85	24.26	77.62	-0.13	-0.91	140.23	23.58	0.44	-0.44	0.13	0.44	-0.61
138	fg3_m13	0	0.2	4	1	0.0	0.0	0.4857129159047823	-1.7632239497842268	2.6280270832313035	-0.006070714235399155	0.003182184793665151	0.8938	0.07565220785108433	4	1.35	0.02	0.09	8.49	0.81	0.24	2.6	9.63	0.3	0.48	764	14.57	0.08	63.46	0.05	-1.2	61.3	21.01	0.08	0.32	0.05	0.08	0.73
139	fg3_m13	1	0.39	4	2	13.763788682515626	5.232629677077616	0.6197583836445255	-1.2029706785780223	2.636804682496125	0.12930408874217247	0.007879383456185201	0.8589	0.37112229367175176	11	20.82	0.03	0.09	8.92	0.81	0.19	1.47	4.82	0.68	0.48	764	14.37	8.8	67.2	0.02	-1.2	66.69	21.78	-0.1	0.4	0.02	0.1	-0.37
141	fg3_m13	1	0.78	4	1	0.0	0.0	0.6200266608711075	-2.3837659673034524	4.737752918025564	0.1461368416023611	0.029005907346912926	4.1706	0.5352802730056435	20	22.57	0.04	0.06	8.6	0.51	0.26	3.85	9.54	0.86	0.48	764	12.18	16.3	52.74	0.11	-1.18	74.5	25.97	0.9	1.32	0.11	0.9	-0.89
143	fg3_m13	1	1.17	4	1	0.0	0.0	0.5486657101173659	-2.290023439231003	4.418960006941765	0.09881676481613476	0.008344225185966178	3.8368	0.4126942390847712	31	81.19	0.04	0.04	8.45	0.45	0.14	5.45	5.17	0.68	0.48	368	10.79	3.63	47.09	-0.12	-1.19	91.42	22.83	0.41	-0.45	0.12	0.41	-0.17
144	fg3_m13	1	1.37	4	1	0.0	0.0	0.5757444444669543	-2.532139723768993	4.9007537012139295	0.15704081749733606	0.004958775522819426	3.7086	0.4611322922829357	36	13.98	0.04	0.04	8.1	0.36	0.28	6.69	7.0	0.96	0.48	368	9.29	4.15	41.69	0.01	-1.19	92.52	26.11	0.51	-0.62	0.01	0.51	-0.06
145	fg3_m13	1	1.47	4	1	0.0	0.0	0.5878395068585875	-2.5222531691303947	4.802446500094064	0.10010283650592827	0.00303990318153169	3.7274	0.34000856810665403	42	69.55	0.04	0.06	8.29	0.35	0.16	5.1	5.21	0.68	0.48	368	9.01	4.68	43.98	0.06	-1.15	93.03	23.25	0.29	-0.81	0.06	0.29	0.02
146	fg3_m13	1	1.66	4	1	0.0	0.0	0.576977807562546	-2.2453492440192493	5.09429942403889	0.1257080956635123	-0.01741606827027362	3.4779	0.5538517206927605	48	21.72	0.06	0.06	8.92	0.34	0.4	3.75	3.5	0.68	0.48	368	10.3	4.0	34.93	0.01	-1.19	88.06	23.68	0.28	-0.89	0.01	0.28	0.55
147	fg3_m13	1	1.76	4	1	0.0	0.0	0.5741358355767527	-2.4525648075571267	4.399361479882692	0.07563600172163341	0.002171399961192155	3.2189	0.1873902041524363	53	73.27	0.04	0.05	6.74	0.43	0.3	8.69	13.09	0.68	0.48	764	12.09	0.03	45.39	-0.01	-1.26	75.25	21.29	1.09	0.43	0.01	1.09	-0.82
148	fg3_m13	1	1.86	4	1	0.0	0.0	0.641434099156876	-2.2823665782590656	4.604176089334015	0.021518276591037337	-0.03030614343646202	2.7282	0.5411860594105806	58	57.6	0.05	0.05	6.39	0.4	0.41	5.04	6.02	0.68	0.77	368	10.91	1.79	40.61	-0.1	-1.31	91.71	21.74	0.39	-0.4	0.1	0.39	-0.28
149	fg3_m13	1	2.05	4	2	11.819986704495275	4.667883408819431	0.6643740446696995	-1.4909567097279732	5.039720559687559	0.1303039292422078	0.011769644094011777	2.8644	0.7568532329814079	64	60.04	0.05	0.04	7.98	0.36	0.44	8.62	11.23	0.96	0.48	368	10.39	27.85	38.14	-0.04	-1.21	97.62	20.12	0.17	-0.5	0.04	0.17	1.23
150	fg3_m13	1	2.15	4	2	14.747658352448926	6.34336935831055	0.6578823054155434	-1.5882987607223582	4.928207904979052	0.0982219388707833	0.00859910607022998	3.2449	0.42233963928623264	71	23.97	0.07	0.04	6.52	0.23	-0.52	27.6	22.8	0.68	0.77	368	7.04	15.86	26.39	-0.16	-0.97	97.72	19.61	0.37	-0.38	0.16	0.37	0.37
151	fg3_m13	1	2.25	4	1	0.0	0.0	0.6020191764340941	-2.3621128201478467	4.477352785032896	0.0430221575953741	-0.005582434291404989	2.3707	0.17268169393192107	77	36.75	0.07	0.05	8.95	0.23	0.17	15.19	10.29	0.68	0.48	368	7.33	9.62	25.37	0.04	-1.22	100.3	20.29	0.46	-0.58	0.04	0.46	0.33
152	fg3_m13	1	2.3	4	1	0.0	0.0	0.5970526101151759	-2.40428925854923	4.532202595254878	0.05133799808724207	0.003126876587943316	2.5025	0.15504716090340395	84	21.96	0.08	0.03	5.79	0.22	0.22	34.0	31.99	0.68	0.77	368	7.23	4.6	25.32	-0.15	-1.14	98.17	19.44	0.08	-0.84	0.15	0.08	0.09
153	fg3_m13	1	2.32	4	1	0.0	0.0	0.584137282069277	-2.4430556749240933	4.572463952789966	0.03298912867849329	-0.0008364917654782855	2.592	0.1995041673161409	90	19.58	0.13	0.06	8.76	0.2	0.22	22.52	6.46	0.68	0.48	368	6.58	0.46	25.31	-0.24	-1.01	97.33	18.11	0.06	-0.63	0.24	0.06	0.12
154	fg3_m13	1	2.35	4	1	0.0	0.0	0.5910304742243299	-2.4879147192367284	4.576751880570441	0.03005636505551093	-0.00031836331979141346	2.7654	0.16876214802769735	97	1.44	0.09	0.04	7.15	0.19	0.18	20.68	18.38	0.86	0.48	368	6.09	4.67	24.35	0.0	-1.14	98.62	15.9	-0.03	-0.4	0.0	0.03	-1.7
155	fg3_m13	1	2.37	4	1	0.0	0.0	0.6109380732046379	-2.526926677862088	4.657653088564714	0.02639750369318607	-0.005786742261727189	2.6549	0.15974895491473742	103	3.65	0.07	0.03	6.05	0.19	0.14	15.34	3.31	0.68	0.77	368	6.82	3.98	24.35	-0.05	-1.03	97.19	16.51	0.12	-0.53	0.05	0.12	-0.48
156	fg3_m13	1	2.4	4	2	14.443050311347386	9.658729422306557	0.5978424602640257	-2.3885057598665416	4.586952337585075	0.014237345646640509	-0.0033141204258805147	2.6562	0.2572553997324321	109	38.87	0.08	0.04	7.02	0.19	0.14	10.22	9.07	0.68	0.48	368	6.26	6.19	23.43	-0.1	-1.14	97.13	16.65	-0.11	-0.39	0.1	0.11	1.21
157	fg3_m13	1	2.42	4	2	11.698393155044865	9.144500752772183	0.6503350194205905	-1.4363133797024754	4.457838417755714	0.10468577270840136	0.0016911799484852974	2.6841	0.4524355594134773	116	46.58	0.07	0.03	5.41	0.18	-0.09	28.21	35.57	0.68	0.77	368	5.77	10.66	23.59	-0.17	-1.04	99.22	16.29	0.12	-0.71	0.17	0.12	0.19
158	fg3_m13	1	2.44	4	2	6.248714412603438	5.276670795925729	0.6094937815122368	-1.6020116958027175	4.716957102318034	0.2260595370776565	0.025689483259711588	2.4703	0.4606398083675768	122	56.24	0.06	0.04	7.29	0.22	0.1	4.9	4.74	0.86	0.48	368	7.38	13.68	22.66	-0.02	-1.19	96.2	15.91	-0.1	-0.38	0.02	0.1	0.79
159	fg3_m13	1	2.49	4	2	3.2378140860085827	19.93058287777412	0.5642306934197439	-1.5156409210221031	3.4289447848065797	0.3001874662981811	0.027592039954547048	2.4848	0.5392227489791529	136	54.96	0.32	0.07	7.0	0.11	0.34	45.29	62.56	0.86	0.77	764	12.47	6.82	11.35	0.07	-0.1	91.82	20.07	0.15	-0.41	0.07	0.15	0.68
160	fg3_m13	1	2.51	4	2	2.4739786725479753	24.196915062520553	0.5828311657328705	-1.5026474673259826	3.807726795068356	0.31973081883430576	0.031694224290354754	3.003	0.6033680409882903	143	30.74	0.14	0.07	9.88	0.11	0.21	44.28	47.28	0.68	0.48	368	10.98	3.32	14.08	-0.76	1.2	102.28	19.28	0.44	1.34	0.76	0.44	-0.78
162	fg3_m13	1	2.59	4	1	0.0	0.0	0.5913146538433289	-2.2740907703447215	4.271300769289822	0.1586695437402239	-0.002731015030480277	2.5994	0.32742103471043843	156	1.45	1.24	0.05	8.12	0.06	0.12	61.56	23.82	1.09	0.77	368	8.12	1.77	11.27	-0.6	1.31	117.49	24.39	0.57	0.05	0.6	0.57	-0.63
163	fg3_m13	1	2.64	4	1	0.0	0.0	0.6125659478443117	-2.0339000941791667	4.553657809297833	0.18864065423800666	0.00493208532955971	2.7804	0.4846893321137859	163	87.3	0.52	0.03	5.91	0.06	0.23	42.21	38.63	0.68	0.77	368	8.58	0.58	9.9	-0.3	0.18	112.06	19.94	0.26	-0.21	0.3	0.26	-0.78
164	fg3_m13	1	2.69	4	1	0.0	0.0	0.6350864971136212	-2.169998341996072	4.736350599351519	0.12357083918764107	-0.009482533418129144	2.6064	0.6126110867747298	170	8.14	0.18	0.06	5.84	0.05	-0.21	51.18	47.78	0.68	0.48	368	6.41	4.07	11.27	0.1	0.43	110.8	19.1	0.03	-0.55	0.1	0.03	0.88
165	fg3_m13	1	2.74	4	1	0.0	0.0	0.6310915592913318	-2.3366446551625684	4.4029451444598875	0.13758467397711927	-0.005695844736285846	2.5194	0.468747293505201	176	40.79	0.08	0.04	6.04	0.07	-0.19	24.61	27.99	0.68	0.48	368	7.18	4.37	12.31	-0.05	0.04	107.95	19.56	0.09	-0.44	0.05	0.09	1.26
166	fg3_m13	1	2.79	4	1	0.0	0.0	0.6101423992817571	-2.317096920075051	4.429366716235772	0.06766838818784639	-0.003100848303794005	2.5124	0.26120461281777746	182	68.87	0.17	0.05	4.68	0.09	0.2	41.15	32.04	0.96	0.48	368	6.68	6.23	12.54	0.37	-0.02	109.43	19.06	0.12	-0.22	0.37	0.12	-0.69
167	fg3_m13	1	2.84	4	1	0.0	0.0	0.6265339177413615	-2.361846447269333	4.4394550260403935	0.09078199046909616	-0.00027884149831742367	2.4525	0.3650600559891137	188	25.89	0.11	0.05	6.02	0.08	0.13	44.97	36.14	0.86	0.48	368	6.57	5.63	12.52	-0.04	-0.36	108.11	18.71	0.04	-0.42	0.04	0.04	0.08
168	fg3_m13	1	2.93	4	1	0.0	0.0	0.6175374552506295	-2.3034145272430075	4.281872961302589	0.05033539583340099	-0.004124462252396319	2.4568	0.19301986540191315	194	30.12	0.1	0.04	4.23	0.1	-0.08	30.48	12.64	0.68	0.77	368	5.87	9.45	14.95	-0.07	-0.45	107.78	20.31	-0.13	-0.5	0.07	0.13	-0.29
169	fg3_m13	1	3.03	4	1	0.0	0.0	0.6261041334833044	-2.433256986125997	4.450599921534522	0.043502114979371856	-0.0028855715993577487	2.3616	0.3131037490429659	201	40.91	0.11	0.05	6.15	0.14	-0.12	21.13	19.4	0.68	0.48	368	6.57	14.03	16.96	0.0	-0.71	108.55	19.48	-0.08	-0.13	0.0	0.08	-0.42
170	fg3_m13	0	3.13	4	1	0.0	0.0	0.6190571560265643	-2.370157851069441	4.398274989881483	0.02507857917116881	-0.003254199406623432	2.3529	0.1315537623665312	208	26.16	0.11	0.04	6.31	0.13	-0.05	35.97	16.98	0.86	0.48	368	5.87	11.95	16.74	-0.04	-0.57	105.8	19.8	0.3	-0.27	0.04	0.3	1.19
171	fg3_m13	0	3.62	4	1	0.0	0.0	0.6250527896646134	-2.4097105508524583	4.339448625729071	-0.015538527659358757	-0.02404348403753316	2.3473	0.19203745499317612	215	84.93	0.14	0.04	5.84	0.16	-0.06	29.86	19.96	0.96	0.48	368	5.88	17.68	12.91	-0.05	0.23	103.79	16.97	0.21	-0.38	0.05	0.21	1.07
172	fg3_m13	0	4.6	4	1	0.0	0.0	0.598225557048782	-2.4194582332525574	4.159519566304615	-0.01821656142005604	-0.05119026290609377	2.5874	0.0827438899397219	221	88.41	0.09	0.03	5.12	0.14	-0.06	14.1	8.55	0.68	0.77	368	6.71	12.42	18.83	0.13	-0.96	106.39	18.05	0.39	-0.52	0.13	0.39	0.44
173	fg3_m13	0	0.2	5	1	0.0	0.0	0.4674952632184288	-1.7333900200535044	2.618134557773618	-0.00636589582585664	0.0031044029250960645	0.8284	0.06285140302426187	5	1.03	0.03	0.06	12.14	0.74	0.42	2.61	14.01	0.61	0.48	1256	15.98	19.25	87.22	-0.04	-1.14	55.55	20.69	0.06	0.74	0.04	0.06	-0.61
174	fg3_m13	1	0.39	5	2	8.679173953029443	4.103174622293584	0.5139837664394975	-1.2724070600186803	3.174085655411255	0.28081158473242496	-0.005557795686160847	0.7682	0.4668541080249474	12	6.1	0.02	0.07	13.04	0.75	0.44	1.26	6.33	0.3	0.48	1256	17.28	30.74	95.96	-0.05	-1.14	59.3	24.08	-0.27	-0.15	0.05	0.27	-0.65
175	fg3_m13	1	0.68	5	1	0.0	0.0	0.5356355952047701	-2.1999765395603883	3.8404950545636813	0.1864859838615378	0.008954514126132355	2.8824	0.33207193270715185	16	11.15	0.02	0.04	11.56	0.61	0.46	11.76	19.63	0.68	0.48	764	12.97	34.95	86.0	0.11	-1.04	91.52	24.09	0.49	-0.27	0.11	0.49	0.44
177	fg3_m13	1	0.98	5	1	0.0	0.0	0.5632736609853374	-2.3589572289369847	3.933492498810909	0.12238600136747302	0.009036719107405588	3.1862	0.2342124973114588	25	0.31	0.02	0.05	15.49	0.59	0.67	15.97	27.1	0.68	0.48	740	12.08	15.81	87.17	0.11	-1.07	88.24	27.23	1.09	1.07	0.11	1.09	0.79
179	fg3_m13	1	1.37	5	1	0.0	0.0	0.5518562866205071	-2.4044314674669014	4.220311268178715	0.11582656070807212	0.011847610641855386	3.0052	0.4425365039841814	37	1.04	0.04	0.06	8.84	0.64	0.59	7.92	15.53	0.61	0.77	903	15.45	26.8	98.89	0.16	-1.36	85.13	28.3	1.4	1.95	0.16	1.4	-0.77
180	fg3_m13	1	1.47	5	1	0.0	0.0	0.6127589166497072	-2.2878754721467325	3.8802258598173114	0.07248414160480313	0.0013693861037914626	2.9253	0.2856772795620077	43	2.57	0.04	0.08	15.22	0.55	0.55	11.79	31.94	0.86	0.48	763	11.71	1.06	79.95	-0.02	-0.93	84.35	26.78	1.04	1.48	0.02	1.04	-0.02
181	fg3_m13	1	1.66	5	1	0.0	0.0	0.5927880307262325	-2.2935036703848093	4.035424894458614	0.032769326843033374	0.0038653679342898423	2.6025	0.3180972699783517	49	1.94	0.04	0.06	9.99	0.64	0.62	4.33	9.33	0.68	0.48	995	15.25	0.07	94.64	0.04	-1.21	80.17	24.33	1.44	2.15	0.04	1.44	-0.34
184	fg3_m13	1	2.05	5	2	11.039997523915305	4.1856219517686375	0.6102337409076863	-0.6770195221562211	2.3950160890313588	0.6094481510220702	0.13622797692019353	1.9897	0.3867420422876912	65	10.57	0.03	0.04	7.64	0.62	0.61	16.82	25.01	0.91	0.77	982	15.52	19.02	93.26	-0.14	-1.05	83.37	22.41	1.21	1.5	0.14	1.21	-1.64
185	fg3_m13	1	2.15	5	2	12.476991939176624	5.9407325361939005	0.6203829445184634	-0.5985043733847382	2.627714541010321	0.6024468564415004	0.05788136823628728	1.8408	0.5736270091738834	72	15.35	0.05	0.06	19.18	0.5	0.56	9.33	19.13	1.09	0.77	690	13.43	8.98	107.94	-0.28	-0.76	123.42	23.99	0.25	-0.42	0.28	0.25	-0.44
186	fg3_m13	1	2.25	5	2	18.32007823346503	5.860841816800666	0.5820248390016566	-1.6949951029470982	3.7938920361944817	0.10982507443764307	-0.06983689393951066	1.8305	0.967358030318028	78	0.91	0.04	0.03	9.41	0.55	0.68	1.62	2.35	0.0	0.77	869	16.57	27.34	84.74	-0.19	-1.15	97.89	20.81	0.39	0.08	0.19	0.39	0.64
188	fg3_m13	1	2.32	5	2	17.930573899875323	5.152761010790356	0.5882960402529255	-1.8103607055389788	3.6327710139086022	0.020223941544840727	-0.022323028021973484	1.7481	0.640917202566669	91	0.56	0.03	0.03	13.09	0.57	0.85	1.19	1.94	0.61	0.48	736	15.78	25.82	92.48	0.0	-1.37	103.97	17.63	0.58	0.33	0.0	0.58	0.56
191	fg3_m13	1	2.4	5	2	12.973114981086875	4.975079213514411	0.6345532234115574	-0.5007959390492298	2.433400387935461	0.4578633042747967	0.0761008408915254	1.7679	0.3745968302764365	110	1.94	0.04	0.04	9.93	0.53	0.75	15.8	34.89	0.61	0.77	754	14.9	8.89	92.79	0.01	-1.29	104.23	18.89	0.61	0.06	0.01	0.61	-0.29
192	fg3_m13	1	2.42	5	2	10.548439151270486	4.819034106366784	0.6175409722062797	-0.5538348417998717	2.374774756080282	0.5083309098409227	0.10413663839397122	1.8777	0.2530684283678072	117	1.8	0.04	0.04	10.06	0.53	0.73	6.0	11.44	0.68	0.77	596	14.25	11.09	81.64	0.1	-1.18	108.35	19.03	0.78	0.03	0.1	0.78	-0.1
193	fg3_m13	1	2.44	5	2	5.600922506258343	5.314225756927748	0.6129290972525543	-0.7986990384380891	2.2269648810761997	0.3180503294775092	0.10817612182947096	1.7116	0.36621202570182737	123	2.85	0.03	0.03	10.79	0.55	0.76	2.04	4.43	0.68	0.77	933	21.02	13.28	94.61	0.04	-1.32	118.53	26.4	1.49	3.59	0.04	1.49	-0.5
194	fg3_m13	1	2.46	5	1	0.0	0.0	0.5866143170869131	-1.8978616859889677	3.90410684238762	-0.05152874796378845	-0.17763861513735604	1.3334	0.2170455564295161	130	7.29	0.05	0.07	17.71	0.38	0.7	9.34	11.6	0.68	0.48	801	14.67	21.04	93.09	-0.16	-0.99	134.62	25.68	0.54	-0.49	0.16	0.54	-0.76
195	fg3_m13	1	2.49	5	2	2.8420811210957586	14.49038751764093	0.5763974444474628	-1.3204798041698802	3.0155333047241	0.10993311437769722	0.023669493587963653	0.8735	0.29218520711154544	137	17.06	0.08	0.03	18.93	0.44	0.69	11.59	10.57	1.09	0.48	895	16.03	16.3	88.87	-0.45	-1.08	126.05	17.83	0.36	0.16	0.45	0.36	1.54
196	fg3_m13	1	2.51	5	2	2.1691073806727297	17.551732849736734	0.6000900497761279	-1.469937984957383	3.0635994508613926	0.09270324391697153	0.02321516709177181	1.0404	0.25498870788462136	144	12.49	0.14	0.05	12.64	0.3	0.67	23.96	5.12	1.09	0.48	883	16.22	24.48	49.63	-0.47	-0.58	126.02	17.76	0.72	0.53	0.47	0.72	0.09
197	fg3_m13	1	2.56	5	1	0.0	0.0	0.5488084103821372	-1.7589064925381044	3.511412573911733	0.03708762692013829	-0.02235893881654031	1.1787	0.36194910308238537	150	4.3	0.05	0.03	16.68	0.37	0.62	36.69	34.29	1.36	0.21	917	15.18	19.52	73.44	0.35	-0.97	124.84	24.44	0.05	-0.65	0.35	0.05	-0.49
198	fg3_m13	1	2.59	5	1	0.0	0.0	0.564468178723146	-1.9494015931782571	3.2397249872276874	0.03016529569921368	0.0014328106250027786	1.0404	0.3532026804075925	157	2.3	0.05	0.03	15.88	0.36	0.61	29.71	35.38	0.96	0.48	955	15.41	12.59	74.13	0.58	-0.66	123.62	20.15	-0.07	-0.75	0.58	0.07	0.57
199	fg3_m13	1	2.64	5	1	0.0	0.0	0.5815073683467131	-1.9314647399916187	3.2598378499726266	0.023144999027989947	0.0039074988810048695	1.0474	0.41073048274464297	164	5.7	0.06	0.03	16.38	0.38	0.59	14.4	16.18	0.68	0.48	921	17.27	4.18	69.35	0.55	-0.74	122.6	16.4	0.13	-0.36	0.55	0.13	-0.23
200	fg3_m13	1	2.69	5	1	0.0	0.0	0.5759632935839879	-1.7616894423340066	3.531102641868024	-0.002171689072143121	-0.058940150523719786	1.2199	0.44805716783951866	171	7.46	0.08	0.03	14.38	0.36	0.72	28.78	40.1	0.61	0.77	851	16.98	5.24	67.54	0.31	-0.84	123.99	14.83	0.25	-0.5	0.31	0.25	-1.87
201	fg3_m13	1	2.74	5	1	0.0	0.0	0.5538364958863163	-1.891720274919968	3.694151737093672	0.03210538147154568	-0.0684188262911815	1.3763	0.3549371353804444	177	1.17	0.04	0.03	12.44	0.34	0.69	34.89	26.31	0.68	1.07	651	14.17	1.18	60.4	0.37	-0.67	126.86	17.44	0.23	-0.07	0.37	0.23	0.3
202	fg3_m13	1	2.79	5	1	0.0	0.0	0.5505431813412073	-1.8305828174100809	3.5150757094396323	0.037820994632350925	-0.09581105709203816	1.3258	0.4059369745016806	183	0.84	0.05	0.03	17.03	0.38	0.63	2.14	4.16	0.96	0.48	872	15.33	6.27	72.67	0.5	-0.76	118.75	15.49	0.03	-0.39	0.5	0.03	-0.47
203	fg3_m13	1	2.84	5	1	0.0	0.0	0.5637030819173076	-1.918963945684644	3.4244894861498167	-0.035891923356671566	-0.0012788938506345098	1.3187	0.3252657040185534	189	3.45	0.05	0.02	11.59	0.39	0.64	27.23	38.98	0.68	0.77	868	15.25	4.44	72.5	0.26	-0.95	117.94	14.68	0.4	-0.43	0.26	0.4	-2.62
204	fg3_m13	1	2.93	5	1	0.0	0.0	0.5875212890978002	-1.9689072081879544	3.4912827462361458	-0.04536176476054544	-0.01591560248970316	1.4814	0.16357715799914624	195	2.9	0.05	0.02	12.15	0.38	0.69	16.64	22.82	0.68	0.77	832	15.42	7.97	75.05	-0.12	-0.96	124.31	14.46	0.45	0.5	0.12	0.45	0.93
205	fg3_m13	1	3.03	5	1	0.0	0.0	0.5779395048458089	-1.9260719540402589	3.496874863530372	-0.02732843621643828	-0.029657795330570325	1.1836	0.27464860995317986	202	0.13	0.02	0.03	9.77	0.39	0.66	2.3	3.36	0.68	1.07	842	15.22	14.13	73.18	-0.09	-1.12	121.23	14.29	0.07	-0.38	0.09	0.07	0.77
206	fg3_m13	0	3.13	5	1	0.0	0.0	0.5603822431422968	-1.9538596652577285	3.553388390486436	-0.09386772547025732	-0.1337564853606092	0.9803	0.2074999407119616	209	0.42	0.03	0.03	8.32	0.34	0.67	3.45	3.74	0.68	0.77	638	14.09	9.62	57.84	-0.12	-0.92	124.89	12.2	0.38	0.13	0.12	0.38	0.56
207	fg3_m13	0	3.62	5	1	0.0	0.0	0.5693610412886656	-2.023593991249539	3.627129398214968	-0.13850050191343996	-0.08287053666350673	1.0449	0.14902154042945098	216	0.47	0.04	0.02	9.51	0.38	0.66	7.11	12.74	0.96	0.48	620	14.35	14.98	63.35	-0.07	-0.96	126.99	13.3	0.34	0.34	0.07	0.34	-1.81
208	fg3_m13	0	4.6	5	1	0.0	0.0	0.5554686646318768	-1.974342732805344	3.4369951879417964	-0.11234271305168064	-0.02551073559858286	1.2279	0.09232743007076327	222	1.25	0.03	0.03	8.09	0.39	0.69	2.8	3.91	0.86	0.77	750	14.76	16.07	73.58	0.03	-1.13	125.13	11.97	0.46	0.05	0.03	0.46	-0.15
209	fg3_m13	0	0.2	6	1	0.0	0.0	0.5686129617778773	-1.5305896440003923	3.2324290045015944	-0.01348288812530816	0.07856432750847943	0.5085	0.07195176895906745	6	0.77	0.05	0.08	11.26	0.82	0.86	1.52	4.63	1.09	0.48	964	22.76	7.61	119.49	-0.06	-1.41	57.17	16.02	0.16	1.47	0.06	0.16	-0.39
210	fg3_m13	1	0.39	6	2	11.767734433375225	1.3248295305335225	0.5884720605512882	-0.8159938400658057	2.0720449852544864	0.4100252338769121	0.04343278749738167	0.5425	0.6444507191914478	13	4.27	0.04	0.09	9.51	0.83	0.87	5.62	15.87	0.91	0.48	999	24.13	22.41	113.78	0.0	-1.38	60.43	22.66	1.22	4.39	0.0	1.22	-0.19
212	fg3_m13	1	0.78	6	1	0.0	0.0	0.6340959484308161	-2.0259340874117933	3.340091549573331	0.10193898418222083	0.024239049208388836	1.5408	0.35319287865672866	21	0.14	0.03	0.04	8.8	0.64	0.77	13.63	3.86	0.68	0.48	598	13.97	23.84	85.88	-0.09	-1.06	86.64	17.71	0.03	0.29	0.09	0.03	0.97
213	fg3_m13	1	0.98	6	1	0.0	0.0	0.4942191512391154	-2.0359090845951595	3.4339248760790904	0.09709950598180546	0.030298855883364405	1.3686	0.5255657532891096	26	0.4	0.04	0.04	9.14	0.68	0.64	16.78	26.53	1.09	0.48	843	17.36	2.94	92.73	-0.06	-1.19	82.9	17.74	0.61	0.1	0.06	0.61	-0.16
214	fg3_m13	1	1.17	6	1	0.0	0.0	0.5862800412770898	-1.9990220936188563	3.714211889789848	0.054860431989445964	0.025061295689093373	1.3759	0.20371828785666726	32	3.55	0.03	0.05	10.73	0.72	0.79	3.7	4.8	0.61	0.48	922	19.17	5.36	112.32	-0.02	-1.4	83.77	18.64	0.41	0.21	0.02	0.41	1.05
215	fg3_m13	1	1.37	6	1	0.0	0.0	0.5659068917631175	-1.9196168111561875	3.4232999145253022	0.08746355789190179	0.01895432022101879	1.3804	0.7473534223907209	38	2.52	0.02	0.03	10.45	0.65	0.67	2.0	2.99	0.68	0.48	773	14.81	7.35	102.64	-0.02	-1.35	87.63	18.84	0.52	0.06	0.02	0.52	-0.87
216	fg3_m13	1	1.47	6	1	0.0	0.0	0.5897274239021817	-2.0663615068199173	3.792530643259938	0.040904584717260384	0.021972976945475432	1.453	0.27913740549817834	44	2.84	0.04	0.06	12.21	0.7	0.79	25.21	14.02	0.68	0.48	911	18.12	5.17	106.18	-0.12	-1.39	82.63	20.95	0.82	0.36	0.12	0.82	-1.08
217	fg3_m13	1	1.66	6	1	0.0	0.0	0.6021055487234848	-1.7357271636280784	3.414746323711612	0.17042026268494875	0.0021038783957346373	1.4604	0.16877388937636822	50	4.74	0.03	0.05	7.99	0.62	0.71	6.13	5.95	0.96	0.77	615	13.02	9.05	81.5	0.09	-0.97	84.78	21.91	0.38	-0.28	0.09	0.38	-0.95
218	fg3_m13	1	1.76	6	1	0.0	0.0	0.581663513055005	-1.952072103601512	3.5271712171855096	0.01856297302493971	0.011648281035607598	1.2899	0.1837723102858517	54	4.33	0.03	0.05	9.07	0.7	0.76	2.18	3.4	0.91	0.48	775	16.8	13.25	100.02	-0.05	-1.32	84.22	20.6	0.82	0.7	0.05	0.82	0.46
219	fg3_m13	1	1.86	6	1	0.0	0.0	0.5666063741855006	-1.9601165875573996	3.652774545656127	0.021414070474645545	0.02131205196144372	1.3679	0.09864413405579046	59	0.42	0.03	0.06	10.73	0.73	0.77	13.94	13.63	0.96	0.48	904	19.72	23.32	104.8	-0.03	-1.4	81.19	18.28	1.13	1.38	0.03	1.13	-0.52
220	fg3_m13	1	2.05	6	2	6.268142402702392	2.9558337251967783	0.6264683339694579	-0.9244958315401998	1.5784158074597576	0.6587889168500778	0.09759488491552	1.4853	0.9374765776479363	66	11.89	0.04	0.06	16.68	0.73	0.83	3.38	4.7	3.28	0.48	994	20.47	6.14	160.8	0.5	-0.56	109.03	45.79	1.35	1.34	0.5	1.35	-0.37
221	fg3_m13	1	2.15	6	2	7.866654457970768	4.798218269433773	0.5605043758762189	-0.7885233001331399	3.3301611003056766	0.35921124989051473	-0.01118517517262551	1.7779	0.7493960114874356	73	13.1	0.05	0.07	14.71	0.62	0.77	10.6	12.04	0.43	0.48	1096	18.36	8.63	89.37	-0.01	-1.28	97.38	24.15	0.75	-0.26	0.01	0.75	-0.42
222	fg3_m13	1	2.25	6	2	10.67882915450526	4.396225894532951	0.6606896191580416	-0.8395428131650715	3.87391569695636	0.2332963380814866	0.008852827884663773	1.6543	0.931240856532064	79	1.86	0.04	0.03	10.86	0.51	0.68	3.64	5.66	0.96	0.48	578	12.1	2.84	85.95	-0.05	-1.16	111.23	20.17	0.26	-0.37	0.05	0.26	-1.54
223	fg3_m13	1	2.3	6	2	10.302592598467653	3.880788726359057	0.6534572350878769	-0.5299269180562141	3.3414935565257893	0.27079860728228844	0.0107727834149374	1.3718	0.5608891942413993	85	3.08	0.03	0.04	8.16	0.53	0.65	7.26	9.0	0.96	0.77	601	13.64	8.98	83.35	-0.0	-1.17	108.66	17.82	0.26	-0.24	0.0	0.26	-0.43
224	fg3_m13	1	2.32	6	2	9.89367931363815	4.2599058433220405	0.6406668309201338	-0.5520123509821382	3.2225205487734305	0.22954029512754476	0.011244705932976256	1.3579	0.5636789044673841	92	0.61	0.03	0.03	7.9	0.54	0.62	4.32	6.35	1.21	0.77	797	14.81	3.84	95.33	0.06	-1.23	107.6	16.76	0.05	-0.34	0.06	0.05	-0.73
225	fg3_m13	1	2.35	6	2	8.996602723003601	4.374012300332734	0.6285729143101216	-0.582901908419625	3.4926109452547767	0.29934739694422496	0.012956559062219642	1.4267	0.5981841364075118	98	1.38	0.03	0.04	10.28	0.56	0.63	4.53	7.18	0.91	0.48	810	16.45	8.91	93.7	0.12	-1.26	105.28	17.68	0.42	0.19	0.12	0.42	-1.07
226	fg3_m13	1	2.37	6	2	8.239740430445085	4.752914479666698	0.6039151402664746	-0.5942069471336917	3.776503339828072	0.3758236606650529	-0.0050193381359554595	1.4909	0.5307508766594092	104	0.88	0.03	0.04	10.46	0.57	0.63	2.55	4.56	1.21	0.48	807	16.85	11.12	93.17	0.22	-1.22	105.24	16.54	0.16	-0.12	0.22	0.16	-1.51
227	fg3_m13	1	2.4	6	2	6.695443509104627	4.513568106116276	0.5918010590574767	-0.6949334753246036	3.3350846268285266	0.398137719500441	0.03552245277114486	1.3696	0.4821473133559299	111	1.09	0.03	0.04	8.97	0.59	0.63	16.29	12.61	1.21	0.77	975	20.26	16.39	101.47	0.19	-1.38	104.17	16.09	0.08	-0.23	0.19	0.08	0.8
228	fg3_m13	1	2.42	6	2	5.546129462391877	3.947117000957017	0.5802793891768494	-0.753729357817422	2.8163148401527445	0.42471027679210543	0.0703456546362724	1.193	0.3523512343035133	118	68.0	0.35	0.08	14.1	0.78	0.67	40.91	32.41	3.94	0.48	895	27.27	87.96	70.4	0.67	-0.27	104.82	23.19	0.02	-0.37	0.67	0.02	2.25
229	fg3_m13	1	2.44	6	2	2.9797889800379487	4.731076821268742	0.5453186885117927	-1.1054787872873295	2.5824551773029345	0.25563344604458993	0.07133365591095475	0.9235	0.19780677719557102	124	17.51	0.36	0.07	47.41	0.64	0.73	21.51	24.78	1.63	0.48	817	15.17	81.99	88.57	0.11	-0.17	124.43	35.61	0.31	-0.44	0.11	0.31	0.2
230	fg3_m13	1	2.46	6	1	0.0	0.0	0.5524630180392688	-1.8940650847100424	3.5396703187859337	0.03394839752808716	-0.002749473310151046	0.9849	0.2863511266156291	131	23.08	0.15	0.14	34.65	0.48	0.73	5.64	6.7	1.29	0.77	813	15.19	14.66	107.45	0.08	-1.3	135.81	48.51	1.08	0.45	0.08	1.08	0.52
231	fg3_m13	1	2.49	6	2	2.515475919295509	6.807693586937412	0.5539980224552679	-1.3799721662859068	2.958500414599317	0.06277095041942088	0.012964186431284006	0.9367	0.498951487494953	138	9.07	0.05	0.04	13.1	0.41	0.69	53.72	54.99	1.72	1.07	894	16.43	8.82	74.7	0.56	-0.49	134.96	29.32	0.9	1.19	0.56	0.9	-0.23
232	fg3_m13	1	2.51	6	1	0.0	0.0	0.5508994749444722	-1.5857460371147072	3.254139713893728	-0.01563542867155744	-0.09444334085952336	0.9712	0.4531993880262638	145	7.14	0.05	0.04	12.27	0.42	0.75	33.91	30.31	1.52	1.07	1076	18.56	13.91	76.57	0.13	-1.1	120.32	20.72	0.77	0.68	0.13	0.77	-0.81
233	fg3_m13	1	2.56	6	1	0.0	0.0	0.5556903423055961	-1.4810875191510176	3.544146362059091	0.08996645494204969	-0.17536338240391747	1.1049	0.5166454094159276	151	2.03	0.06	0.03	9.58	0.35	0.66	18.95	22.95	0.96	0.77	912	17.48	20.13	57.1	-0.01	-0.97	120.74	15.03	0.41	0.1	0.01	0.41	-0.88
234	fg3_m13	1	2.59	6	1	0.0	0.0	0.5919417925600361	-1.971409663263332	3.972527223954923	0.08478491456569469	-0.12869693241252192	1.6846	0.4763799213406693	158	2.26	0.06	0.02	14.7	0.32	0.55	15.41	26.22	0.86	0.48	686	11.77	1.2	62.56	0.4	-0.6	130.17	17.18	0.5	-0.34	0.4	0.5	-1.11
235	fg3_m13	1	2.64	6	1	0.0	0.0	0.6006910263789949	-2.0354262988690017	3.729928825093297	0.062317689523380675	-0.01847855738485742	1.4217	0.31163272487682386	165	0.5	0.04	0.05	14.48	0.37	0.59	21.89	26.47	0.68	0.48	683	13.63	1.05	61.81	0.19	-0.74	124.31	19.14	0.23	-0.26	0.19	0.23	0.27
236	fg3_m13	1	2.69	6	1	0.0	0.0	0.5811423101061322	-1.9555135139621649	3.6558179273402165	0.06339437773440848	-0.002146751865044089	1.7086	0.2451454923559556	172	3.01	0.03	0.04	10.42	0.4	0.67	2.49	5.05	0.68	0.48	893	15.47	0.47	72.51	0.1	-1.17	118.12	17.94	0.11	0.11	0.1	0.11	0.34
237	fg3_m13	1	2.74	6	1	0.0	0.0	0.5602522902914396	-1.9557894536765943	3.5122200817199487	0.08364910897902025	0.0013900105645090436	1.5881	0.14422301283829564	178	3.79	0.06	0.04	14.13	0.4	0.64	1.81	3.1	0.68	0.48	899	15.58	3.8	76.07	-0.33	-0.92	119.55	17.12	0.22	-0.32	0.33	0.22	1.25
238	fg3_m13	1	2.79	6	1	0.0	0.0	0.5891532598401579	-1.917302286774903	3.5067224740081238	0.05202482833972582	-0.0026351517696993607	1.6121	0.34460064024662296	184	2.08	0.05	0.03	9.08	0.39	0.63	16.24	17.45	0.68	0.48	896	15.0	11.27	77.34	-0.16	-1.08	124.99	16.54	0.14	-0.37	0.16	0.14	0.62
239	fg3_m13	1	2.84	6	1	0.0	0.0	0.572583709865441	-1.9142470817368331	3.5302368655312035	0.05517516025360263	-0.010618220035927724	1.5251	0.2827223531350893	190	2.33	0.03	0.03	11.98	0.38	0.65	24.26	20.42	0.96	0.48	675	14.65	14.96	60.43	-0.04	-0.69	127.2	16.32	0.36	-0.56	0.04	0.36	-0.28
240	fg3_m13	1	2.93	6	1	0.0	0.0	0.5706992678399061	-1.9633315429917075	3.651875298573126	0.0038184598180592295	-0.10213645029023596	1.5658	0.12193332351237925	196	3.89	0.05	0.03	9.95	0.37	0.67	16.45	17.76	0.68	0.77	881	14.74	12.23	69.18	-0.18	-1.1	122.8	16.67	0.68	0.02	0.18	0.68	-1.5
241	fg3_m13	1	3.03	6	1	0.0	0.0	0.5635588009783568	-2.010871455097018	3.6403622433168974	-0.032574360637123045	-0.02627195542100398	1.6159	0.14516715911012573	203	1.2	0.03	0.02	10.14	0.37	0.67	10.68	20.35	0.86	0.48	676	14.48	1.87	62.2	-0.01	-0.82	128.81	14.44	0.13	-0.27	0.01	0.13	-0.43
242	fg3_m13	0	3.13	6	1	0.0	0.0	0.5855116230106681	-2.0474366272285622	3.647756416892425	-0.008891764159118925	0.004845034689552983	1.7247	0.12887222567592113	210	0.42	0.05	0.03	7.77	0.37	0.65	26.37	37.2	0.68	0.48	670	14.42	0.5	64.04	0.11	-0.85	128.93	14.86	0.36	-0.54	0.11	0.36	-1.18
243	fg3_m13	0	3.62	6	1	0.0	0.0	0.5534006618434512	-1.9551351564177333	3.5066746576190626	-0.03226131686684237	0.003341493907943733	1.4907	0.13743149825254258	217	2.95	0.03	0.03	11.61	0.39	0.69	18.24	16.6	0.96	0.48	837	15.48	8.24	80.44	0.04	-1.05	125.03	15.57	0.36	-0.25	0.04	0.36	-0.75
244	fg3_m13	0	4.6	6	1	0.0	0.0	0.5704491559943368	-2.1303254921841748	3.7597005928878047	-0.035813472041200084	-0.05135909730040532	1.7991	0.12122982153845435	223	1.24	0.04	0.02	10.12	0.41	0.69	11.65	15.22	0.96	0.77	621	14.55	4.29	74.04	-0.03	-0.89	128.72	16.94	0.64	0.03	0.03	0.64	0.19
