Counter_x	Image	class label	Myr	Viewpoint	# Bulges	Sep	Flux Ratio	Gini	M20	Concentration (C)	Asymmetry (A)	Clumpiness (S)	Sersic N	Shape Asymmetry (A_S)	Counter_y	$\Delta$PA	v_asym	s_asym	resids	\lambdare	$\epsilon$	A	$A_2$	deltapos	deltapos2	nspax	re	$\mu_V$	$\sigma_{V}$	skewvel	$h_{4,V}$	$\mu_{\sigma}$	$\sigma_{\sigma}$	skewsig	$h_{4,\sigma}$	$|h_{3,V}|$	$|h_{3,\sigma}|$	random
0	fg3_m10_iso1_rotated	0	0.05	0	1	0.0	0.0	0.5150967673816995	-1.8865469228136795	2.98526195531198	-0.04623739071386805	-0.007468898631844805	1.3175	0.10149440563925237	0	1.62	0.02	0.05	11.18	0.7	0.3	4.13	9.95	1.09	0.48	764	13.83	4.73	84.91	0.01	-1.19	73.76	22.58	0.05	0.34	0.01	0.05	1.12
1	fg3_m10_iso1_rotated	0	0.29	0	1	0.0	0.0	0.5379798949289849	-1.8738781181934705	2.8904456626212753	-0.004630238763920006	0.002157895130595941	1.2182	0.1060041795434371	7	3.03	0.04	0.06	10.95	0.74	0.29	13.17	50.37	0.86	0.64	1256	15.13	6.47	88.56	-0.13	-1.24	62.98	21.57	0.64	0.79	0.13	0.64	-0.33
2	fg3_m10_iso1_rotated	0	0.59	0	1	0.0	0.0	0.5381657014708681	-1.891965713183392	2.8759387507219176	-0.012785455139039923	0.007186468985148891	1.2187	0.09600461600471796	12	0.43	0.03	0.05	11.24	0.73	0.31	5.37	15.34	0.86	0.64	764	13.92	0.64	87.8	-0.06	-1.22	70.83	20.96	0.31	0.52	0.06	0.31	-0.91
3	fg3_m10_iso1_rotated	0	0.88	0	1	0.0	0.0	0.4698783641358004	-1.8122023009242132	2.8388718726512097	0.005582261683037062	0.005417135523644419	1.1765	0.09718953963949499	19	1.14	0.02	0.05	11.55	0.74	0.37	4.4	13.09	0.86	0.48	764	13.91	5.88	87.63	0.02	-1.19	69.15	21.26	0.2	0.84	0.02	0.2	-0.04
4	fg3_m10_iso1_rotated	0	0.98	0	1	0.0	0.0	0.4960036079294286	-1.8045035883281229	2.7896375883251467	0.022447502334512846	0.010197209016432151	1.1151	0.12738810210438867	26	2.21	0.02	0.04	11.33	0.75	0.26	4.29	12.6	1.09	0.48	764	14.59	4.52	87.78	-0.0	-1.21	70.1	20.22	0.3	0.52	0.0	0.3	1.67
5	fg3_m10_iso1_rotated	0	1.17	0	1	0.0	0.0	0.4882674009136151	-1.7991422956385874	2.7934441249114164	-0.011593371495641094	0.004971580045981597	1.1169	0.07822904572449982	32	0.31	0.02	0.04	10.44	0.75	0.36	2.32	9.35	0.86	0.48	764	14.4	7.69	86.17	0.01	-1.21	67.61	20.67	0.38	0.83	0.01	0.38	0.58
6	fg3_m10_iso1_rotated	0	1.47	0	1	0.0	0.0	0.5062205701515945	-1.8268081856288887	2.790675986568953	-0.0008213224951534688	0.004638763361142993	1.0997	0.12832812288747875	39	2.75	0.03	0.04	9.82	0.76	0.34	7.59	34.51	1.09	0.48	1256	15.98	1.47	90.88	-0.02	-1.23	62.07	19.91	0.8	0.76	0.02	0.8	0.8
7	fg3_m10_iso1_rotated	0	1.76	0	1	0.0	0.0	0.4937349031161281	-1.8405245867612572	2.7927155196434748	-0.010294890010018884	0.008444307316181466	1.1363	0.12338460646899775	45	1.59	0.03	0.04	10.58	0.74	0.31	6.83	22.51	0.86	0.48	764	14.35	0.62	87.2	-0.07	-1.23	71.15	20.39	0.42	0.43	0.07	0.42	-0.8
8	fg3_m10_iso1_rotated	0	1.96	0	1	0.0	0.0	0.5140094526980777	-1.8429841002519176	2.780014171447128	-0.007907362332304014	0.00843603159885341	1.117	0.09342765205752628	52	0.32	0.02	0.04	10.38	0.74	0.3	3.3	10.03	1.09	0.48	764	14.55	7.56	86.24	0.01	-1.19	69.84	21.01	0.33	0.35	0.01	0.33	-0.14
9	fg3_m10_iso1_rotated	0	0.05	1	1	0.0	0.0	0.4882281983248761	-1.8299469608701475	2.946307374908046	-0.023365389453481943	-0.003480814388872858	1.1465	0.05146109043451212	1	1.14	0.02	0.05	11.25	0.78	0.51	3.6	20.75	0.68	0.48	1252	17.3	0.34	99.96	-0.06	-0.98	63.48	25.31	0.4	-0.3	0.06	0.4	0.13
10	fg3_m10_iso1_rotated	0	0.29	1	1	0.0	0.0	0.5230005245405662	-1.8077131688526962	2.859329188602993	0.00425245620932792	0.0010079026387296306	1.0562	0.05296197105538767	8	4.32	0.03	0.06	12.2	0.78	0.51	9.45	22.27	0.68	0.48	1249	16.59	0.48	101.82	-0.06	-1.01	63.59	22.94	0.5	0.48	0.06	0.5	0.41
11	fg3_m10_iso1_rotated	0	0.59	1	1	0.0	0.0	0.5139793646947712	-1.8231206954158965	2.8769728984598033	-0.0017773041654340262	-0.0005114171896300426	1.0596	0.06810796566799655	13	0.83	0.02	0.05	10.64	0.8	0.52	2.25	9.86	0.68	0.48	1236	16.65	5.48	102.83	0.0	-1.06	61.9	23.68	0.49	0.16	0.0	0.49	0.4
12	fg3_m10_iso1_rotated	0	0.88	1	1	0.0	0.0	0.5196994949066376	-1.7929074779162777	2.870346041566832	0.019164483111520667	0.007371479668882122	1.0478	0.08206237486961229	20	1.74	0.02	0.05	11.12	0.79	0.5	3.32	14.04	0.61	0.48	1179	16.18	1.83	105.09	-0.01	-1.1	62.77	23.57	0.34	0.1	0.01	0.34	-0.48
13	fg3_m10_iso1_rotated	0	0.98	1	1	0.0	0.0	0.476930611023887	-1.760597667796334	2.7711153565238558	0.017166395978031438	0.009898218325558336	0.9982	0.13199479825745275	27	0.22	0.03	0.05	11.29	0.79	0.49	12.09	31.27	0.61	0.48	1205	15.91	1.6	105.65	-0.08	-1.08	63.66	22.14	0.46	0.55	0.08	0.46	-0.32
14	fg3_m10_iso1_rotated	0	1.17	1	1	0.0	0.0	0.5080108588493774	-1.7893126971829176	2.829256827718817	-0.0058594005003743226	-0.0008045073286129305	1.0101	0.06765435844244368	33	0.6	0.04	0.06	15.7	0.79	0.52	10.32	15.57	0.68	0.77	1156	16.28	10.33	104.49	0.04	-1.13	64.28	21.79	0.65	0.32	0.04	0.65	-0.44
15	fg3_m10_iso1_rotated	0	1.47	1	1	0.0	0.0	0.4978448334514514	-1.8017937881816048	2.808839689142125	-0.015341023683694862	0.0006971346772526156	0.9977	0.07700521371529667	40	0.07	0.02	0.04	7.74	0.8	0.51	6.3	22.1	0.96	0.77	1219	17.02	2.33	103.51	-0.04	-1.04	62.62	22.55	0.53	0.08	0.04	0.53	-0.99
16	fg3_m10_iso1_rotated	0	1.76	1	1	0.0	0.0	0.4990440540186622	-1.83727366535786	2.8495875106237856	-0.005794606496593885	0.0014850813178937756	1.0343	0.06912697255651334	46	1.25	0.02	0.05	10.81	0.79	0.48	3.61	15.99	0.91	0.48	1200	17.18	0.82	103.83	-0.04	-1.09	64.52	21.9	0.71	0.58	0.04	0.71	-0.42
17	fg3_m10_iso1_rotated	0	1.96	1	1	0.0	0.0	0.4935998991535751	-1.8035094479568976	2.805386239503344	-0.010120413667576591	0.0035912579429492352	1.0007	0.0980948337636682	53	5.41	0.02	0.04	12.4	0.79	0.52	3.87	12.5	0.61	0.48	1176	16.93	3.97	104.67	-0.05	-1.09	66.48	19.79	0.95	0.78	0.05	0.95	-1.21
18	fg3_m10_iso1_rotated	0	0.05	2	1	0.0	0.0	0.511314657102319	-1.8445383373197264	2.915485389059814	-0.02157861453665909	0.00188178328119428	1.1463	0.059039073699569525	2	2.1	0.03	0.05	11.33	0.79	0.51	3.22	20.72	0.96	0.48	1253	17.71	2.1	99.2	-0.04	-0.98	61.83	25.66	0.47	-0.42	0.04	0.47	0.47
19	fg3_m10_iso1_rotated	0	0.29	2	1	0.0	0.0	0.517106048150481	-1.8409816319132872	2.8826736303054226	-0.016565418158773854	0.0030404185473165172	1.0418	0.06432952516994772	9	12.53	0.04	0.07	22.79	0.79	0.5	1.78	7.86	0.96	0.48	1236	16.54	7.0	102.58	0.03	-1.04	62.21	23.84	0.56	0.05	0.03	0.56	0.15
20	fg3_m10_iso1_rotated	0	0.59	2	1	0.0	0.0	0.5156094173828385	-1.8274078478869376	2.837083771183186	-0.005011975623488836	0.0049433010409867745	1.0252	0.07129145264505125	14	1.05	0.02	0.04	11.05	0.79	0.5	11.74	29.16	0.61	0.48	1214	16.18	1.73	105.28	-0.06	-1.06	63.65	23.99	0.17	0.24	0.06	0.17	0.23
21	fg3_m10_iso1_rotated	0	0.88	2	1	0.0	0.0	0.5124709259486222	-1.8521397110513216	2.8360445045387808	0.01713817128333572	0.0028457090389916733	1.0468	0.08628483126257737	21	0.21	0.02	0.04	6.57	0.79	0.5	2.53	13.76	0.91	0.77	1207	15.82	5.76	105.3	0.03	-1.09	62.45	22.91	0.65	0.24	0.03	0.65	-0.78
22	fg3_m10_iso1_rotated	0	0.98	2	1	0.0	0.0	0.4814876956331858	-1.8182107027041752	2.8273093401060216	0.0022868591750964604	0.009409411774975458	1.0008	0.10286581157891238	28	1.58	0.02	0.04	10.56	0.79	0.52	2.47	10.29	0.91	0.48	1214	16.69	6.33	103.42	0.01	-1.04	63.18	23.37	0.32	0.41	0.01	0.32	0.46
23	fg3_m10_iso1_rotated	0	1.17	2	1	0.0	0.0	0.4968112938255199	-1.7841180474837748	2.8252059973746	-0.02523449962452406	-0.0015606883510911687	1.0033	0.0760766800966298	34	1.5	0.02	0.05	10.82	0.79	0.51	4.32	20.06	0.68	0.48	1195	16.8	0.16	105.33	-0.05	-1.09	63.81	22.82	0.62	0.0	0.05	0.62	-0.64
24	fg3_m10_iso1_rotated	0	1.47	2	1	0.0	0.0	0.4833757214605259	-1.7990004782469964	2.81337618383523	0.002885267377585114	0.004740081093262485	0.9923	0.05535589873251618	41	0.72	0.03	0.04	11.1	0.79	0.51	4.01	16.24	0.68	0.48	1187	16.34	2.4	105.41	-0.01	-1.07	63.62	22.0	0.68	0.14	0.01	0.68	-1.09
25	fg3_m10_iso1_rotated	0	1.76	2	1	0.0	0.0	0.4856419942404968	-1.7816117062863532	2.835606225916924	-0.039879802803443665	0.004835474885744	0.9985	0.056297305990599726	47	0.07	0.02	0.04	11.15	0.78	0.52	2.99	11.06	0.96	0.48	1158	15.61	4.88	106.57	-0.02	-1.16	65.77	21.49	0.7	0.1	0.02	0.7	-0.61
26	fg3_m10_iso1_rotated	0	1.96	2	1	0.0	0.0	0.4940949642211186	-1.808092878694481	2.81957107107597	-0.029862021946524788	0.0006115612046448175	0.9984	0.09878176352720512	54	0.35	0.02	0.04	6.87	0.78	0.52	2.47	10.75	0.61	0.77	1153	16.28	1.25	106.2	-0.06	-1.14	67.07	20.52	0.83	0.57	0.06	0.83	-0.81
27	fg3_m10_iso1_rotated	0	0.05	3	1	0.0	0.0	0.4913143021096275	-1.8421006160507352	2.9557772695811053	-0.020214009304102443	0.0017065053303118706	1.1520000000000001	0.0626316961286678	3	2.07	0.02	0.04	11.0	0.78	0.53	6.96	20.38	0.68	0.48	1250	17.37	0.25	100.74	-0.04	-0.99	62.87	24.69	0.48	-0.36	0.04	0.48	1.61
28	fg3_m10_iso1_rotated	0	0.29	3	1	0.0	0.0	0.5208417792421239	-1.8242347402795456	2.8717470120483672	-0.002281942371315311	0.0024502589725598303	1.0358	0.05942034957744489	10	8.69	0.04	0.05	18.26	0.78	0.51	3.39	14.92	0.68	0.48	1222	16.23	4.17	102.06	-0.05	-1.02	60.74	24.26	0.49	-0.15	0.05	0.49	-0.37
29	fg3_m10_iso1_rotated	0	0.59	3	1	0.0	0.0	0.5216106583858933	-1.850696570434588	2.8501631844901967	0.011743849155101035	0.00473646891000421	1.0547	0.08279923875763197	15	8.72	0.05	0.07	23.07	0.79	0.5	6.15	19.41	1.09	0.21	1211	16.73	0.26	103.23	-0.03	-1.05	62.02	24.01	0.51	-0.18	0.03	0.51	1.02
30	fg3_m10_iso1_rotated	0	0.88	3	1	0.0	0.0	0.521601009487383	-1.8687324870301527	2.9187272779527347	0.0005604753338851726	0.0017811404651261102	1.0761	0.10066580541537597	22	10.07	0.05	0.07	18.82	0.79	0.5	9.15	27.94	1.09	0.48	1192	16.68	1.24	105.5	0.02	-1.1	63.22	23.56	0.36	0.23	0.02	0.36	0.25
32	fg3_m10_iso1_rotated	0	1.17	3	1	0.0	0.0	0.5071565515496443	-1.8355022011296684	2.8308863453646964	0.006607359746712178	0.0009438223857716613	0.9809	0.05645079447105405	35	0.13	0.02	0.03	7.22	0.79	0.52	10.52	22.97	0.68	0.77	1184	15.99	1.84	105.9	-0.06	-1.09	63.34	22.29	0.62	0.26	0.06	0.62	0.17
34	fg3_m10_iso1_rotated	0	1.76	3	1	0.0	0.0	0.4909713499653978	-1.7942403729661969	2.7756042653871744	-0.01649200702154296	0.003489940751914829	0.9907	0.08979961999844709	48	0.53	0.02	0.04	10.62	0.79	0.53	2.89	15.07	0.68	0.48	1145	17.28	0.71	105.83	-0.03	-1.09	65.63	21.33	0.6	0.5	0.03	0.6	-1.9
35	fg3_m10_iso1_rotated	0	1.96	3	1	0.0	0.0	0.4893722008462287	-1.7793248436470828	2.811621142052241	0.004709064680142107	0.006211493084427429	0.9941	0.10116521551670353	55	3.1	0.02	0.03	7.2	0.78	0.55	3.11	9.43	0.91	0.77	1166	16.38	1.52	105.74	0.01	-1.12	65.76	20.69	0.6	0.49	0.01	0.6	0.98
36	fg3_m10_iso1_rotated	0	0.05	4	1	0.0	0.0	0.5340816351574698	-1.925077068236398	2.983354970812812	-0.04478016772540102	-0.02449926803342916	1.4491	0.06878261628737	4	43.19	0.08	0.05	7.89	0.27	0.05	42.45	50.34	0.68	0.48	764	12.47	5.55	23.79	-0.04	-0.84	69.95	21.09	-0.18	0.13	0.04	0.18	0.66
38	fg3_m10_iso1_rotated	0	0.59	4	1	0.0	0.0	0.4975247585961263	-1.8808048608213281	2.8868894893753065	-0.013175393697020877	0.007908654666434286	1.3408	0.07610724435280174	16	79.1	0.09	0.05	6.87	0.32	-0.02	7.24	10.75	0.68	0.48	764	12.61	2.38	23.44	-0.09	-1.01	60.25	18.85	-0.29	0.31	0.09	0.29	-0.38
39	fg3_m10_iso1_rotated	0	0.88	4	1	0.0	0.0	0.4890482330821994	-1.8685298898034148	2.8864022445527	0.0005674336364187199	0.006446555894984469	1.3272	0.102019722497883	23	66.38	0.06	0.05	5.98	0.31	0.03	16.59	26.33	0.86	0.48	764	12.28	3.35	23.26	-0.02	-1.07	61.0	17.35	-0.35	0.26	0.02	0.35	0.8
40	fg3_m10_iso1_rotated	0	0.98	4	1	0.0	0.0	0.5157133283197698	-1.8610651636207276	2.8561216459563186	0.012673397494070213	0.005754446182199044	1.2376	0.0979518835427148	29	12.92	0.06	0.04	6.13	0.33	-0.05	17.75	19.61	0.68	0.48	764	12.56	6.15	23.2	-0.04	-1.02	59.77	17.54	-0.23	1.11	0.04	0.23	0.54
41	fg3_m10_iso1_rotated	0	1.17	4	1	0.0	0.0	0.4970112791456801	-1.8452032479360925	2.8214031378418434	-0.031083560499389287	0.001793116021843552	1.2587	0.07039293513434271	36	33.24	0.08	0.06	7.11	0.33	0.09	25.23	28.65	0.68	0.48	764	12.96	3.6	23.03	-0.09	-1.04	59.35	16.96	-0.29	0.69	0.09	0.29	0.7
42	fg3_m10_iso1_rotated	0	1.47	4	1	0.0	0.0	0.5103992104842332	-1.8506899969538864	2.811207183067457	-0.006926149014132164	-0.0027178076550187363	1.2175	0.11799153578401203	42	12.2	0.08	0.05	6.71	0.32	0.12	16.57	23.08	0.96	0.48	764	13.29	5.12	21.79	0.1	-0.95	59.88	17.88	-0.37	0.57	0.1	0.37	-0.74
43	fg3_m10_iso1_rotated	0	1.76	4	1	0.0	0.0	0.5146567828189225	-1.843215960474897	2.8223364708490033	-0.017460567038123133	-0.005486052192124412	1.2823	0.09706902236399907	49	59.13	0.07	0.06	5.97	0.32	0.18	15.17	26.34	0.68	0.48	764	14.11	3.37	22.42	-0.07	-1.19	62.46	16.25	0.12	0.52	0.07	0.12	0.5
44	fg3_m10_iso1_rotated	0	1.96	4	1	0.0	0.0	0.5098286199648782	-1.832404692044168	2.7694164312246814	-0.06096145878528299	-0.033046749132500615	1.2779	0.07642551546822936	56	70.11	0.08	0.06	7.07	0.31	0.04	11.01	10.66	0.68	0.48	764	12.96	5.03	22.28	0.02	-1.08	63.67	16.2	0.27	0.12	0.02	0.27	2.93
45	fg3_m10_iso1_rotated	0	0.05	5	1	0.0	0.0	0.5209705729184994	-1.9072841528482458	2.9916772767820365	-0.060314229164341225	-0.023602850096212196	1.4579	0.04885311074395925	5	22.77	0.08	0.05	7.92	0.3	0.08	18.01	27.37	0.68	0.48	764	12.72	5.05	24.95	0.03	-0.91	68.38	20.89	-0.17	0.35	0.03	0.17	-0.27
47	fg3_m10_iso1_rotated	0	0.59	5	1	0.0	0.0	0.5199199951892813	-1.899254242889877	2.8920636406290567	-0.024239286012977267	-0.006546284202255884	1.3431	0.11298540953462707	17	20.19	0.07	0.05	6.69	0.33	-0.03	17.77	32.64	0.68	0.48	764	12.62	2.38	24.42	0.02	-1.03	60.02	18.91	-0.33	0.37	0.02	0.33	0.78
48	fg3_m10_iso1_rotated	0	0.88	5	1	0.0	0.0	0.4910598871136178	-1.8671733982754743	2.8708747067426033	8.541211288008644e-05	0.001139752998781859	1.3228	0.10723234127199208	24	55.81	0.06	0.05	6.36	0.32	0.02	26.17	37.76	0.68	0.48	764	12.25	3.32	24.59	-0.05	-1.12	60.59	17.67	-0.25	0.84	0.05	0.25	-1.63
49	fg3_m10_iso1_rotated	0	0.98	5	1	0.0	0.0	0.5108337901718322	-1.85864482418815	2.8574462099377254	0.02243339963404665	0.01161522545838346	1.2385	0.11409770080957896	30	23.35	0.07	0.05	6.05	0.34	0.09	15.97	22.51	0.86	0.48	764	12.83	5.46	23.51	-0.06	-1.13	59.68	17.51	-0.12	0.4	0.06	0.12	0.23
50	fg3_m10_iso1_rotated	0	1.17	5	1	0.0	0.0	0.5010909719879484	-1.8501229244812811	2.820554891635471	-0.01734792279525924	-0.0032646293856393683	1.2543	0.08959465569307888	37	11.39	0.06	0.04	5.68	0.35	0.05	17.11	25.73	0.96	0.77	764	13.22	3.44	23.92	0.03	-1.15	59.97	16.61	-0.21	0.48	0.03	0.21	-1.07
51	fg3_m10_iso1_rotated	0	1.47	5	1	0.0	0.0	0.523177746237002	-1.8598053312336984	2.8176008556190033	-0.00807789030081208	-0.002420035483512009	1.22	0.09669320584548596	43	62.19	0.06	0.04	6.02	0.36	0.08	18.24	30.81	0.86	0.48	764	13.2	5.07	24.93	0.06	-1.2	59.78	17.82	-0.17	0.43	0.06	0.17	0.37
52	fg3_m10_iso1_rotated	0	1.76	5	1	0.0	0.0	0.5115750782310525	-1.848998965893824	2.8327114782706184	-0.023436129091469138	-0.0053673945108549575	1.298	0.09951456837897477	50	60.15	0.07	0.04	5.73	0.34	0.16	14.71	21.07	0.96	0.48	764	11.78	5.96	24.5	0.1	-1.16	61.79	16.05	0.18	0.24	0.1	0.18	-0.4
53	fg3_m10_iso1_rotated	0	1.96	5	1	0.0	0.0	0.5145942028716624	-1.8358767298813883	2.7632370709493266	-0.01858702380509325	-0.054528602105446335	1.261	0.13443986275584438	57	12.11	0.06	0.05	6.03	0.33	0.06	24.02	29.44	0.68	0.64	764	13.26	5.7	23.98	-0.02	-1.14	62.12	16.2	0.39	0.26	0.02	0.39	-0.43
54	fg3_m10_iso1_rotated	0	0.05	6	1	0.0	0.0	0.5362767430773936	-1.9265075223717052	2.9935905155653373	-0.07451680111005972	-0.04751883225258149	1.4622	0.07760182180198295	6	76.89	0.1	0.08	9.2	0.28	0.05	33.5	30.31	0.86	0.48	764	12.54	2.9	24.33	-0.07	-0.86	69.61	20.56	-0.1	0.12	0.07	0.1	-1.41
55	fg3_m10_iso1_rotated	0	0.29	6	1	0.0	0.0	0.5431581152510595	-1.9041641361356676	2.9282737285783806	-0.04061866242879021	-0.0219458531125581	1.3778	0.13725303836562375	11	21.56	0.07	0.06	6.95	0.33	0.02	15.48	15.96	0.68	0.77	764	12.68	1.66	24.52	-0.07	-1.08	61.42	19.68	-0.34	0.55	0.07	0.34	1.12
56	fg3_m10_iso1_rotated	0	0.59	6	1	0.0	0.0	0.4992478443532004	-1.8789843126775136	2.873829440415561	-0.01646433744702996	-0.0004749678543658584	1.3332	0.08928068197832215	18	8.65	0.07	0.04	6.5	0.35	0.07	15.59	20.93	0.68	0.48	764	12.77	3.08	25.19	0.01	-1.06	60.53	19.68	-0.2	0.47	0.01	0.2	-0.14
57	fg3_m10_iso1_rotated	0	0.88	6	1	0.0	0.0	0.4883575683762042	-1.867185539751667	2.87292702127029	0.0071622747482291095	0.003229271842578818	1.3177	0.10217743520265976	25	13.71	0.08	0.05	6.4	0.35	0.03	28.46	41.37	0.68	0.48	764	12.45	0.65	25.36	-0.11	-1.12	59.19	17.74	-0.42	0.85	0.11	0.42	-1.1
58	fg3_m10_iso1_rotated	0	0.98	6	1	0.0	0.0	0.5097799071186833	-1.8551482137435331	2.8546690035182323	0.009145948689614698	0.009904161996910391	1.2221	0.15974528015407982	31	53.38	0.06	0.07	9.05	0.37	0.07	4.05	7.08	0.96	0.21	764	12.44	8.48	25.51	0.16	-1.08	60.63	17.23	-0.36	0.58	0.16	0.36	-1.29
59	fg3_m10_iso1_rotated	0	1.17	6	1	0.0	0.0	0.5036490552146509	-1.8503829847671516	2.822850706836461	0.02211903357510091	0.0025052306717412197	1.2595	0.08982843104754343	38	3.57	0.06	0.04	5.74	0.36	-0.02	13.12	18.76	0.86	0.77	764	12.94	2.45	25.4	-0.01	-1.2	59.19	17.51	-0.42	0.65	0.01	0.42	1.09
60	fg3_m10_iso1_rotated	0	1.47	6	1	0.0	0.0	0.5326432754494568	-1.8667820826564825	2.8250675712823368	0.0028172446180772764	-0.0010884706199635725	1.2186	0.15239079340962688	44	47.44	0.07	0.05	6.5	0.35	0.04	19.7	23.36	0.68	0.64	764	13.06	2.92	25.25	-0.07	-1.14	60.22	17.29	-0.15	0.54	0.07	0.15	-0.24
61	fg3_m10_iso1_rotated	0	1.76	6	1	0.0	0.0	0.5129790724376528	-1.8479891354883293	2.7975348972554963	-0.02390563682101892	-0.022446658299722696	1.2603	0.11375871299018127	51	17.03	0.07	0.05	6.33	0.35	0.22	17.87	23.94	0.68	0.48	764	14.24	2.69	24.56	-0.05	-1.0	62.01	16.08	0.18	0.28	0.05	0.18	-0.36
62	fg3_m10_iso1_rotated	0	1.96	6	1	0.0	0.0	0.5029447274961081	-1.830954825436271	2.8058852389544504	-0.0104133486407359	-0.015805629123693897	1.2884	0.11510668594489964	58	67.84	0.06	0.05	6.33	0.34	0.04	10.55	19.81	0.86	0.48	764	13.15	3.48	24.42	-0.02	-1.18	62.64	15.58	0.2	0.48	0.02	0.2	1.05
0	fg3_m10	0	0.05	0	1	0.0	0.0	0.5259936135038357	-1.9190141152644669	3.0166111163345564	-0.027280423227555927	-0.024050786148456363	1.4825	0.09703630368512237	0	0.25	0.03	0.06	8.54	0.55	0.12	1.25	4.45	0.68	0.48	764	12.57	1.15	64.04	-0.03	-1.26	73.55	22.44	0.22	0.22	0.03	0.22	-1.1
22	fg3_m10	0	11.18	0	1	0.0	0.0	0.5140411500592862	-2.1808992282765867	3.3541797723038664	-0.16583519178282086	-0.3276512697501617	2.8653	0.16767581503618828	154	12.1	0.05	0.03	6.28	0.37	0.68	10.46	24.7	0.86	0.64	651	53.39	5.29	34.91	-0.04	-1.37	89.72	12.77	1.56	1.81	0.04	1.56	-0.71
23	fg3_m10	0	11.64	0	1	0.0	0.0	0.5139588971974223	-2.148516055842588	3.3381735858127266	-0.08154723946720584	-0.2571888842350208	2.591	0.17364169425241802	161	10.02	0.04	0.04	6.33	0.37	0.05	4.69	7.89	1.36	0.48	622	16.38	9.55	34.52	0.07	-1.27	90.08	12.44	1.35	1.7	0.07	1.35	0.74
27	fg3_m10	0	0.05	1	1	0.0	0.0	0.5921715538451583	-1.6979806973669833	3.4551842911439	0.028104544708835017	0.0724581246764716	0.6308	0.08058620202241258	1	6.41	0.06	0.06	11.19	0.81	0.83	19.95	15.97	0.68	0.48	866	22.18	24.79	118.28	-0.01	-1.5	63.22	18.06	-0.49	0.29	0.01	0.49	-0.57
43	fg3_m10	1	9.56	1	1	0.0	0.0	0.5655155513294885	-1.9104926207198905	3.6628472074061142	-0.20412259429697446	-0.006314387693312961	1.474	0.33497408675744544	107	20.72	0.03	0.04	12.33	0.75	0.6	2.76	4.24	0.68	0.48	590	27.51	11.34	115.3	-0.05	-1.53	92.08	11.75	0.47	0.11	0.05	0.47	-0.98
44	fg3_m10	0	9.76	1	1	0.0	0.0	0.5420738127504706	-1.882101343108105	3.6995434743007203	-0.08385102455736966	0.030634812662399088	1.3692	0.21317268682117	112	63.24	0.03	0.03	9.04	0.69	0.01	1.37	2.09	0.68	0.77	476	17.43	6.77	100.65	-0.01	-1.47	92.88	10.31	1.08	0.81	0.01	1.08	0.67
45	fg3_m10	0	9.95	1	1	0.0	0.0	0.5497679866300258	-1.895167487618576	3.6571108224051945	-0.13359014355339724	-0.006915169398852446	1.3574	0.22615273424596494	118	3.47	0.03	0.02	7.1	0.7	0.77	2.67	4.13	0.96	0.77	475	17.98	7.24	102.06	0.06	-1.47	93.83	8.73	1.04	0.94	0.06	1.04	-0.78
46	fg3_m10	0	10.15	1	1	0.0	0.0	0.5591203069304659	-1.9200435570985557	3.506241143965819	-0.12153006098007545	-0.0020396473959082666	1.3872	0.3204640142609255	124	2.16	0.03	0.03	12.48	0.68	0.77	2.4	5.42	0.96	0.48	489	16.8	7.92	99.74	0.0	-1.46	94.8	9.82	0.82	0.32	0.0	0.82	-0.29
47	fg3_m10	0	10.35	1	1	0.0	0.0	0.5507055865696465	-1.910136231255259	3.7589333874466266	-0.13571793950668626	-0.05027467864413927	1.4477	0.10961717796522713	129	1.04	0.04	0.03	12.03	0.69	0.77	15.06	29.46	0.96	0.48	486	17.26	8.88	101.45	0.01	-1.47	94.31	11.17	0.97	0.11	0.01	0.97	0.52
48	fg3_m10	0	10.54	1	1	0.0	0.0	0.5441156772806985	-1.8879200007233528	3.472024435150333	-0.16362130216215787	0.008942455626413895	1.3872	0.2995573174921148	136	3.0	0.04	0.03	12.86	0.75	0.77	0.39	3.16	0.68	0.48	583	34.73	11.07	112.11	0.0	-1.49	91.39	8.56	1.3	2.02	0.0	1.3	-0.1
49	fg3_m10	0	10.74	1	1	0.0	0.0	0.5477957584813926	-1.8505498993156089	3.741576925761882	-0.13674893298511473	-0.035166305621525576	1.318	0.3020072003531213	142	43.79	0.04	0.04	11.5	0.75	0.81	0.57	1.01	0.68	0.48	587	39.0	10.38	113.33	0.02	-1.47	92.28	11.48	1.0	1.5	0.02	1.0	0.08
50	fg3_m10	0	11.13	1	1	0.0	0.0	0.5417514824620798	-1.9095597186743236	3.6904342460708164	-0.15191214011564855	-0.003323052263418548	1.463	0.28726504093514504	148	0.37	0.05	0.03	13.01	0.75	0.77	13.87	28.83	0.68	0.48	559	29.88	9.41	110.75	0.01	-1.47	91.81	10.92	0.93	0.2	0.01	0.93	-0.09
51	fg3_m10	0	11.18	1	1	0.0	0.0	0.5388706139408045	-1.88903031923145	3.662906421947428	-0.10759253438475516	-0.21559345405978408	1.4686	0.29138366570874463	155	2.34	0.04	0.03	12.79	0.74	0.79	1.62	2.99	0.68	0.48	551	32.92	10.25	110.48	0.02	-1.5	93.09	10.65	0.73	-0.18	0.02	0.73	0.43
52	fg3_m10	0	11.64	1	1	0.0	0.0	0.5454655678222009	-1.8746378891546829	3.5563742819331026	-0.10206928278191564	-0.006364346818369874	1.4121	0.2803379722311104	162	49.77	0.04	0.04	12.0	0.74	0.5	0.06	0.14	0.86	0.77	517	27.97	7.99	106.54	-0.0	-1.47	91.96	10.13	0.81	0.32	0.0	0.81	0.85
53	fg3_m10	0	12.13	1	1	0.0	0.0	0.5370585471914127	-1.8715935623339768	3.667682162204213	-0.08314771874501982	0.027751709095878613	1.4106	0.16882224531832635	169	23.46	0.07	0.05	18.27	0.73	0.77	1.06	2.36	1.09	0.48	510	33.77	9.1	103.43	-0.02	-1.47	92.13	10.53	0.88	0.3	0.02	0.88	-0.62
54	fg3_m10	0	12.61	1	1	0.0	0.0	0.5231377289482771	-1.8134412573900538	3.594630403445235	-0.09344684090221853	-0.37585241784620255	1.4152	0.13259916950655928	174	2.81	0.04	0.03	11.72	0.73	0.77	2.84	4.3	0.68	0.77	485	32.24	7.51	100.96	0.06	-1.43	91.35	9.91	0.7	-0.03	0.06	0.7	-1.77
55	fg3_m10	0	13.1	1	1	0.0	0.0	0.5079139633796045	-1.7834968600863876	3.4693796815147406	-0.06686932612437765	-0.0751951564294681	1.4774	0.17737531150314978	180	5.57	0.05	0.03	14.88	0.71	0.77	1.18	0.95	0.43	0.77	471	29.21	15.05	98.91	0.06	-1.43	94.12	6.91	0.01	0.08	0.06	0.01	1.14
56	fg3_m10	0	13.4	1	1	0.0	0.0	0.5114592122841717	-1.774323359453772	3.4664040379281653	-0.08956882334954827	-0.2977806602130791	1.4613	0.29234050665175604	186	8.47	0.06	0.03	13.89	0.71	0.77	1.37	1.02	0.68	0.77	457	28.86	13.1	94.97	0.05	-1.47	91.43	10.18	0.6	-0.62	0.05	0.6	-0.04
57	fg3_m10	0	0.05	2	1	0.0	0.0	0.5730297798376949	-1.7239796173394255	3.346709464475321	0.011932516329476534	0.0356416597260749	0.6942	0.17193633362977973	2	1.58	0.02	0.04	11.78	0.79	0.82	10.4	10.62	0.86	0.77	943	22.61	4.06	119.31	-0.01	-1.44	65.43	18.93	-0.09	-0.24	0.01	0.09	0.24
73	fg3_m10	1	9.56	2	1	0.0	0.0	0.545109649067411	-2.088867446514936	3.4510571116978483	-0.1356167893547613	-0.02724235848077788	1.841	0.18568966740496004	108	61.7	0.03	0.03	14.62	0.74	0.96	1.33	0.79	0.86	0.48	860	564.03	12.64	117.71	0.07	-1.54	94.21	13.66	1.33	1.81	0.07	1.33	0.87
74	fg3_m10	0	9.76	2	1	0.0	0.0	0.5355439143565071	-2.1034103142222844	3.481316821768526	-0.15824522735190052	-0.05968606644558248	1.8653	0.1911093331960518	113	23.99	0.02	0.02	10.04	0.73	0.73	1.71	1.66	1.09	0.77	884	21.97	5.0	117.82	-0.01	-1.51	92.75	14.02	1.54	2.3	0.01	1.54	1.47
75	fg3_m10	0	9.95	2	1	0.0	0.0	0.5515481111591678	-2.1231467552452883	3.4686536993705817	-0.13455516347225355	-0.001974087705733125	1.8339	0.16196403270804546	119	0.06	0.02	0.03	14.02	0.67	0.58	3.36	4.88	1.09	0.48	722	15.91	14.62	106.67	-0.04	-1.47	97.77	13.68	1.05	1.01	0.04	1.05	1.87
76	fg3_m10	0	10.15	2	1	0.0	0.0	0.5411823424300982	-2.093476714805854	3.4659203248952632	-0.10862618243111646	-0.009273327056224977	1.8339	0.12519535694397968	125	53.48	0.03	0.04	14.65	0.75	0.6	2.47	1.8	0.68	0.48	861	34.86	22.46	116.69	0.07	-1.51	92.19	14.84	1.25	1.58	0.07	1.25	-0.23
77	fg3_m10	0	10.35	2	1	0.0	0.0	0.5317570149024424	-2.1052094789406253	3.457026891659152	-0.13618027396402668	-0.029506652522632862	1.8508	0.0727789402293639	130	49.96	0.03	0.03	14.63	0.74	0.42	1.61	1.25	0.86	0.48	838	26.1	11.44	117.17	0.01	-1.52	93.33	14.34	1.47	1.88	0.01	1.47	1.06
78	fg3_m10	0	10.54	2	1	0.0	0.0	0.5269906764375883	-2.0814806778376083	3.52637492513642	-0.14477350247461998	-0.008589211069407647	1.8042	0.1072259713213394	137	68.45	0.02	0.03	15.07	0.74	0.84	2.4	2.08	0.96	0.48	825	100.53	7.62	114.98	-0.02	-1.5	92.31	14.14	1.57	2.2	0.02	1.57	-0.21
79	fg3_m10	0	10.74	2	1	0.0	0.0	0.5340732638500607	-2.0943614112344395	3.604858042623802	-0.13892213928956565	-0.06545293555876835	1.778	0.1334279420622329	143	0.41	0.03	0.04	16.37	0.55	0.65	7.02	6.06	1.09	0.48	364	11.2	13.69	76.26	0.02	-1.09	105.01	15.98	0.55	-0.29	0.02	0.55	1.47
80	fg3_m10	0	11.13	2	1	0.0	0.0	0.5416800754919041	-2.1166172521419857	3.552464070577233	-0.1504424124571269	-0.030513712102431957	1.8763	0.10363971163878688	149	71.9	0.03	0.03	12.3	0.74	0.74	0.62	0.26	0.86	0.48	816	55.73	16.78	115.7	0.09	-1.51	92.93	13.92	1.46	1.99	0.09	1.46	0.26
81	fg3_m10	0	11.18	2	1	0.0	0.0	0.5489165157794575	-2.1605871115087307	3.579127071331504	-0.16329899784004068	-0.08687742034360592	1.9373	0.1014030613430494	156	72.23	0.04	0.04	15.12	0.74	0.31	1.4	1.1	0.86	0.48	804	23.68	10.61	116.5	0.02	-1.49	92.83	16.22	1.06	0.76	0.02	1.06	-1.32
82	fg3_m10	0	11.64	2	1	0.0	0.0	0.5280511154425913	-2.1212859660085317	3.4897034698297436	-0.1902919238973556	-0.05926004240544039	1.8963	0.0658708546334783	163	4.56	0.03	0.04	13.66	0.74	0.89	1.99	1.57	0.96	0.48	760	36.33	9.84	114.59	-0.03	-1.49	94.17	15.01	1.28	1.03	0.03	1.28	1.01
83	fg3_m10	0	12.13	2	1	0.0	0.0	0.5347881303561394	-2.099321686430689	3.4405654101498544	-0.10324499724219993	-0.007834259450693722	1.8111	0.13401646982477794	170	74.95	0.02	0.03	12.04	0.74	0.68	0.69	0.41	0.96	0.48	785	55.65	11.61	115.05	0.02	-1.5	94.29	15.6	1.1	0.8	0.02	1.1	-0.26
84	fg3_m10	0	12.61	2	1	0.0	0.0	0.5513360496409145	-2.1467047682194567	3.5271953322302263	-0.15282687147857268	-0.04209079606033057	1.9092	0.17817896872794092	175	70.83	0.02	0.03	9.2	0.73	0.85	1.96	1.11	0.86	0.77	744	110.88	13.77	111.58	0.04	-1.51	94.37	14.89	1.44	1.41	0.04	1.44	-0.11
85	fg3_m10	0	13.1	2	1	0.0	0.0	0.5435104854738632	-2.174771019758329	3.6398656057083736	-0.1152246172113636	-0.18191881995056214	1.9714	0.11476339359863015	181	85.8	0.03	0.03	15.49	0.72	0.4	1.72	1.22	0.86	0.48	660	27.09	12.35	108.92	0.01	-1.48	96.69	14.6	1.22	1.22	0.01	1.22	1.94
86	fg3_m10	0	13.4	2	1	0.0	0.0	0.5325033649715822	-2.1495842716164804	3.5386859054997712	-0.24187485862079036	-0.14391787145865528	1.9418	0.11396237659452466	187	4.4	0.03	0.03	15.32	0.71	0.93	3.23	1.91	1.09	0.48	632	51.61	8.97	106.04	-0.03	-1.47	99.51	13.21	1.31	1.16	0.03	1.31	-0.09
87	fg3_m10	0	0.05	3	1	0.0	0.0	0.5221723563727091	-1.8997905328456612	3.0186256073673237	-0.05192247981150195	-0.0057675743944972935	1.3779	0.06544636850529048	3	1.73	0.02	0.05	7.62	0.68	0.3	7.15	15.57	0.96	0.77	764	13.19	20.64	83.86	-0.04	-1.19	75.78	22.16	0.29	0.4	0.04	0.29	0.23
103	fg3_m10	0	9.76	3	1	0.0	0.0	0.5422981882060631	-2.12996866260932	3.3928650364235913	-0.07154801864755703	-0.0762037749285954	2.1057	0.09682547287394554	114	0.45	0.04	0.03	12.22	0.57	0.48	4.48	6.11	0.86	0.48	666	11.49	0.74	87.41	-0.04	-1.33	97.63	13.57	1.53	2.14	0.04	1.53	1.44
104	fg3_m10	0	9.95	3	1	0.0	0.0	0.5388303822644738	-2.1499500622910683	3.4453851044546644	-0.09775450916184107	-0.08302066896407442	2.0994	0.16012731277309872	120	0.29	0.03	0.04	12.22	0.57	0.48	2.91	4.79	0.86	0.48	657	11.49	2.89	87.84	-0.01	-1.35	95.68	15.59	1.24	1.04	0.01	1.24	1.48
105	fg3_m10	0	10.15	3	1	0.0	0.0	0.5352914048027795	-2.144583667073071	3.4208771895192336	-0.12637578777197184	-0.11713577080105612	2.1164	0.21066244792172684	126	0.17	0.03	0.03	11.84	0.57	0.47	1.66	2.51	0.86	0.48	680	11.61	3.25	85.47	-0.04	-1.27	97.12	14.0	1.34	1.41	0.04	1.34	-1.05
106	fg3_m10	0	10.35	3	1	0.0	0.0	0.5436967764798022	-2.1674539652810028	3.4828986138292017	-0.12026648363894404	-0.12111814646670985	2.1119	0.16324758384935809	131	1.24	0.02	0.03	12.15	0.57	0.48	2.52	3.83	0.68	0.48	646	11.4	4.76	88.17	0.01	-1.33	96.3	14.62	1.37	1.81	0.01	1.37	-1.11
107	fg3_m10	0	10.54	3	1	0.0	0.0	0.529089410934056	-2.1441136649904005	3.4202618887973033	-0.122784141773741	-0.1663490723129099	2.1416	0.1179724723260618	138	0.79	0.03	0.04	12.37	0.58	0.48	2.6	3.76	0.86	0.48	665	11.95	3.92	85.25	0.0	-1.31	94.33	16.49	1.01	0.98	0.0	1.01	1.4
108	fg3_m10	0	10.74	3	1	0.0	0.0	0.5339323104770255	-2.1245093105506627	3.405656233948963	-0.11375065136440685	-0.11629215146347473	2.0796	0.22365821638261726	144	2.16	0.03	0.03	12.29	0.59	0.48	3.35	4.43	0.86	0.48	668	12.16	1.95	86.83	-0.04	-1.29	95.55	15.08	1.17	1.34	0.04	1.17	-1.39
109	fg3_m10	0	11.18	3	1	0.0	0.0	0.5385892808103779	-2.165024429648052	3.4512829040331234	-0.11742905085449395	-0.1637943087162819	2.2016	0.1282754241567789	157	1.99	0.03	0.03	12.7	0.67	0.47	2.04	2.82	0.86	0.48	776	15.33	2.64	99.8	0.01	-1.44	92.71	14.15	1.6	2.25	0.01	1.6	-0.48
110	fg3_m10	0	11.64	3	1	0.0	0.0	0.5291789672418565	-2.159752199444025	3.4919998213184598	-0.11170142622967068	-0.10930812391595032	2.1211	0.16613193862084152	164	46.17	0.03	0.03	12.63	0.71	0.89	7.27	13.09	0.86	0.48	752	96.0	0.55	101.92	0.0	-1.46	95.18	14.56	1.24	1.33	0.0	1.24	-0.17
111	fg3_m10	0	12.13	3	1	0.0	0.0	0.5112985165232704	-2.1077979232427038	3.4541539740077267	-0.10249345883641067	-0.06766479702543088	2.04	0.10254272912817923	171	61.72	0.04	0.04	15.51	0.72	0.56	6.73	6.09	0.86	0.48	798	38.6	2.2	105.48	0.01	-1.45	94.53	15.4	1.12	0.9	0.01	1.12	-1.32
112	fg3_m10	0	12.61	3	1	0.0	0.0	0.5382657677728483	-2.142251182654019	3.466772050686352	-0.08771872074711433	-0.08561120927876444	2.0646	0.1270393853270789	176	1.67	0.03	0.03	12.29	0.66	0.5	14.19	25.59	0.86	0.48	710	15.21	3.11	101.4	0.0	-1.47	95.93	14.27	1.51	1.96	0.0	1.51	1.89
113	fg3_m10	0	13.1	3	1	0.0	0.0	0.5266675524244264	-2.1720025965347025	3.509774545843188	-0.10531843903589884	-0.2773749431156876	2.1806	0.131206328702084	182	46.94	0.03	0.03	13.4	0.67	0.29	4.13	5.52	0.86	0.48	644	16.56	0.5	100.57	0.02	-1.42	99.43	14.33	0.93	0.44	0.02	0.93	0.98
114	fg3_m10	0	13.4	3	1	0.0	0.0	0.5343785947705739	-2.165753457689988	3.5026626044829747	-0.16248690915974132	-0.2860121716549298	2.0619	0.1670967980012528	188	0.59	0.03	0.03	13.31	0.68	0.51	3.78	3.84	0.86	0.48	619	31.67	0.02	98.84	-0.02	-1.42	100.05	14.43	0.79	0.17	0.02	0.79	-0.06
115	fg3_m10	0	0.05	4	1	0.0	0.0	0.5197206251164099	-1.9201275605472423	3.015961691297827	-0.0476356293207704	-0.015841517807632176	1.4201	0.06328767876737541	4	0.52	0.03	0.05	9.74	0.66	0.22	1.2	3.66	0.68	0.48	764	13.41	21.48	76.0	-0.05	-1.24	73.9	22.36	-0.02	0.36	0.05	0.02	-1.02
134	fg3_m10	0	10.74	4	1	0.0	0.0	0.525075107578225	-2.129070816831996	3.2756782143124594	-0.08758012420939777	-0.2289219885815772	2.5398	0.17153629079056992	145	7.26	0.04	0.02	6.84	0.52	0.13	4.9	13.8	0.96	0.77	708	13.77	11.91	58.0	0.02	-1.35	90.23	14.28	1.24	0.88	0.02	1.24	-1.41
135	fg3_m10	0	11.13	4	1	0.0	0.0	0.5228099561804133	-2.1724699769126925	3.3656236534711184	-0.10020358333168808	-0.23456941266065026	2.5119	0.1631823776810724	151	4.8	0.04	0.02	9.59	0.51	0.16	4.64	10.43	0.68	0.48	660	13.5	11.18	60.14	0.05	-1.26	92.33	13.33	1.46	1.42	0.05	1.46	0.25
136	fg3_m10	0	11.64	4	1	0.0	0.0	0.5259219587948069	-2.175116699477005	3.3969334983559163	-0.0821172506582714	-0.28427178541582115	2.4756	0.15375293877186175	165	32.77	0.05	0.04	9.11	0.56	0.94	3.08	8.9	0.86	0.48	643	283.94	12.24	61.23	0.11	-1.35	92.19	13.89	1.16	0.94	0.11	1.16	-0.43
138	fg3_m10	0	0.05	5	1	0.0	0.0	0.4995277706304558	-1.8858566621682824	2.9932523696909663	-0.062543840105412	-0.005003040947942919	1.298	0.06816591409121887	5	1.13	0.02	0.04	7.92	0.72	0.42	8.97	20.61	0.61	0.77	1256	15.31	1.31	96.17	-0.03	-1.14	65.22	24.69	0.47	-0.05	0.03	0.47	0.08
154	fg3_m10	1	9.56	5	1	0.0	0.0	0.5327271728644143	-2.1025430430612024	3.4624189462376256	-0.14873927945574453	-0.11837349450525947	2.0865	0.2029500083672299	110	0.59	0.03	0.03	16.16	0.53	0.51	15.11	15.31	0.68	0.48	367	9.97	11.58	74.48	-0.03	-1.13	105.21	15.26	0.62	-0.2	0.03	0.62	-0.85
155	fg3_m10	0	9.76	5	1	0.0	0.0	0.539998633407518	-2.1509427817995648	3.429663223196435	-0.11584485881252395	-0.06600143437882088	2.0572	0.17293616589506164	116	0.51	0.02	0.03	9.55	0.65	0.48	4.19	6.04	0.68	0.77	802	15.13	13.69	101.99	0.02	-1.45	93.15	15.17	1.56	1.88	0.02	1.56	-0.39
156	fg3_m10	0	9.95	5	1	0.0	0.0	0.5408233346526996	-2.1404444069483124	3.4792627263624247	-0.16968317534537408	-0.09906040285987848	2.0707	0.11642654907900235	121	0.96	0.03	0.03	9.04	0.64	0.49	3.74	6.91	0.68	0.77	811	14.71	11.37	102.21	-0.03	-1.42	94.78	14.1	1.68	2.51	0.03	1.68	0.12
157	fg3_m10	0	10.15	5	1	0.0	0.0	0.5231387989966709	-2.082998327916552	3.4175353792215706	-0.1852085745181921	-0.03772912354606808	2.03	0.11685106146809253	127	4.96	0.03	0.03	10.75	0.72	0.6	2.55	3.29	0.68	0.77	904	23.0	22.0	110.45	0.08	-1.46	93.37	14.47	1.35	1.57	0.08	1.35	-0.9
158	fg3_m10	0	10.35	5	1	0.0	0.0	0.5463430803024697	-2.144110368050867	3.4378718813565783	-0.14157451542594587	-0.24034044353520065	2.0728	0.1317315896562684	133	1.19	0.03	0.03	12.01	0.64	0.49	4.18	6.6	0.68	0.48	781	14.91	11.71	101.83	0.02	-1.43	94.32	14.01	1.63	2.53	0.02	1.63	-0.31
159	fg3_m10	0	10.54	5	1	0.0	0.0	0.5257358666759108	-2.107781179470822	3.4256194865616325	-0.09101881195785017	-0.046201576723746286	2.0268	0.13761196229530764	140	1.12	0.03	0.03	8.83	0.65	0.51	15.88	25.16	0.61	0.77	785	15.3	14.09	102.37	-0.01	-1.44	93.61	15.6	1.05	1.0	0.01	1.05	0.88
160	fg3_m10	0	10.74	5	1	0.0	0.0	0.5372900412324525	-2.123834111309572	3.4891612347708283	-0.120015208624721	-0.1112380043512421	1.9797	0.09155806420857623	146	0.34	0.03	0.04	15.98	0.53	0.54	1.78	2.4	0.68	0.48	368	10.48	6.55	75.33	-0.05	-1.14	106.25	14.86	0.8	0.34	0.05	0.8	0.48
161	fg3_m10	0	11.13	5	1	0.0	0.0	0.528314626977518	-2.1161552814059537	3.4730761527712293	-0.15935633855717574	-0.15371093119756388	2.0278	0.13970246922940285	152	1.78	0.03	0.03	16.74	0.54	0.53	1.6	2.38	0.68	0.48	367	10.55	13.62	75.06	0.03	-1.14	104.95	14.99	0.76	-0.32	0.03	0.76	0.46
162	fg3_m10	0	11.18	5	1	0.0	0.0	0.5392615364852915	-2.1603919925120785	3.5292664660847723	-0.17486924168895848	-0.20162774880134968	2.0829	0.18659802969704709	159	69.83	0.02	0.03	9.06	0.73	0.79	1.64	1.66	0.68	0.77	808	70.06	12.78	110.86	0.04	-1.48	92.88	15.91	1.35	1.6	0.04	1.35	-1.42
163	fg3_m10	0	11.64	5	1	0.0	0.0	0.5398230883089861	-2.175561427361241	3.521057503524478	-0.18269894950395696	-0.03319713548722143	2.0475	0.08807640574832264	166	0.95	0.02	0.03	10.47	0.65	0.52	1.58	2.12	0.68	0.77	708	14.87	10.07	102.51	-0.01	-1.46	97.08	14.75	1.29	0.91	0.01	1.29	-0.99
164	fg3_m10	0	12.13	5	1	0.0	0.0	0.5302565553963159	-2.115753492599322	3.452140846998666	-0.21486162550381016	-0.1998032107492661	2.0036	0.06922103857213098	172	6.77	0.03	0.04	12.1	0.72	0.93	3.34	2.01	0.68	0.48	797	66.48	13.6	108.03	-0.02	-1.47	95.39	13.95	1.61	2.61	0.02	1.61	0.94
165	fg3_m10	0	12.61	5	1	0.0	0.0	0.5471735778592562	-2.1574786685437486	3.5119874986517097	-0.18927699119470814	-0.10152762859374193	2.0761	0.12343963983490992	178	1.16	0.02	0.03	9.87	0.63	0.5	4.0	4.5	0.68	0.77	586	14.28	14.23	90.32	-0.0	-1.4	99.99	13.65	1.47	1.54	0.0	1.47	-0.33
166	fg3_m10	0	13.1	5	1	0.0	0.0	0.5404481226416914	-2.1820418912797086	3.5234465372391472	-0.14698950068303562	-0.19933443534134776	2.1148	0.11040428017551232	184	67.14	0.03	0.03	10.39	0.69	0.49	0.83	0.92	0.68	0.77	658	30.81	15.54	102.64	0.02	-1.42	98.18	14.18	1.38	1.26	0.02	1.38	1.82
167	fg3_m10	0	13.4	5	1	0.0	0.0	0.5397573746128138	-2.167021567871845	3.5192857941537152	-0.1622189859135417	-0.1525655977227792	2.0863	0.10699130232246558	190	0.94	0.03	0.03	14.05	0.69	0.53	1.12	0.9	0.68	0.48	613	31.29	10.62	101.42	-0.04	-1.43	101.07	13.95	1.12	0.63	0.04	1.12	-0.58
168	fg3_m10	0	0.05	6	1	0.0	0.0	0.5938838895531146	-1.7140008432229483	3.405778230047123	-0.0370406885330579	0.04589484983993758	0.6607	0.07449925494187824	6	1.43	0.03	0.05	8.8	0.8	0.83	7.42	6.46	0.68	0.77	923	21.4	13.23	123.21	-0.03	-1.51	65.51	18.86	-0.39	0.25	0.03	0.39	1.6
184	fg3_m10	1	9.56	6	1	0.0	0.0	0.5371130144520601	-2.088557954225841	3.631500680581337	-0.14815423794808755	-0.021369428347177876	1.8554	0.1590045449324974	111	88.67	0.02	0.02	9.36	0.75	0.56	1.94	5.04	1.25	0.77	866	41.61	8.02	123.09	-0.12	-1.53	94.27	13.77	1.27	2.18	0.12	1.27	0.46
185	fg3_m10	0	9.76	6	1	0.0	0.0	0.5470613938800107	-2.099179608263885	3.5695099128316343	-0.11497239246548333	-0.0038180119671132524	1.7590000000000001	0.16979675519097998	117	82.4	0.04	0.04	12.42	0.76	0.82	1.79	5.03	1.09	0.48	857	91.37	3.67	121.88	-0.06	-1.56	91.94	15.31	1.07	1.08	0.06	1.07	-0.96
186	fg3_m10	0	9.95	6	1	0.0	0.0	0.5453550822121968	-2.0949096464829697	3.5842629447154035	-0.12926618745373278	-0.01107805541383208	1.7855	0.11021154056049008	122	83.2	0.03	0.03	12.61	0.76	0.43	8.17	7.54	0.68	0.48	847	27.75	10.73	122.39	0.07	-1.55	92.61	15.75	1.13	0.71	0.07	1.13	-1.04
187	fg3_m10	0	10.15	6	1	0.0	0.0	0.5483072238176989	-2.093673615294047	3.5153542392647363	-0.08679179384181719	-0.019918974447525068	1.7679	0.22470323457594996	128	6.65	0.03	0.02	10.91	0.75	0.9	0.8	2.69	0.68	0.48	837	52.52	3.06	118.61	0.06	-1.52	92.32	14.79	1.12	0.81	0.06	1.12	-0.93
188	fg3_m10	0	10.35	6	1	0.0	0.0	0.5428897866165461	-2.099614226946215	3.6292126383175387	-0.1745868139163299	-0.02888532483765452	1.8413	0.10438885148959537	134	8.31	0.03	0.03	12.53	0.76	0.61	2.83	4.43	0.96	0.48	827	26.25	1.47	121.74	-0.04	-1.54	93.76	15.1	1.31	1.38	0.04	1.31	0.92
189	fg3_m10	0	10.54	6	1	0.0	0.0	0.5429875632215497	-2.098325301828963	3.5107016713089494	-0.05994863340273358	-0.023876751205954883	1.7783	0.08408863685864909	141	16.38	0.03	0.03	12.12	0.72	0.0	5.09	5.16	0.68	0.48	792	18.55	2.37	117.67	-0.0	-1.53	94.02	13.99	1.65	2.44	0.0	1.65	-0.99
190	fg3_m10	0	10.74	6	1	0.0	0.0	0.5401844226246181	-2.0595159503487066	3.5116754569976667	-0.10045606019090517	-0.027859656431239714	1.7243	0.09893642145548427	147	0.17	0.03	0.03	11.56	0.6	0.61	14.49	21.99	0.96	0.48	562	11.87	2.53	95.15	-0.04	-1.34	98.13	15.36	0.79	0.61	0.04	0.79	0.54
191	fg3_m10	0	11.13	6	1	0.0	0.0	0.5364268401339225	-2.098385436205409	3.6221865906898065	-0.11351240784279902	-0.030341661618167263	1.8342	0.06416850577440422	153	3.55	0.07	0.05	21.9	0.69	0.64	7.82	5.97	1.09	0.48	693	16.13	3.51	109.51	-0.04	-1.47	94.99	15.26	1.11	0.86	0.04	1.11	-0.43
192	fg3_m10	0	11.18	6	1	0.0	0.0	0.5444923820939117	-2.132472151154664	3.53323832203591	-0.13240063194480986	-0.02067378902808021	1.879	0.14193962781850622	160	23.71	0.02	0.02	9.51	0.71	0.4	3.71	2.43	0.96	0.77	689	17.77	1.85	108.2	-0.03	-1.48	95.94	13.57	1.62	2.36	0.03	1.62	0.76
193	fg3_m10	0	11.64	6	1	0.0	0.0	0.532073781967973	-2.107279442174804	3.5799046242965487	-0.13867002685223734	-0.04578980738364835	1.9040000000000001	0.12157363797714454	167	1.65	0.03	0.04	10.98	0.75	0.88	0.79	3.11	0.68	0.48	720	41.63	1.86	115.6	0.02	-1.48	94.7	15.47	0.93	0.52	0.02	0.93	0.09
194	fg3_m10	0	12.13	6	1	0.0	0.0	0.5341642185420539	-2.0840268892334834	3.5094028196077467	-0.08181252657843302	-0.008014593305622708	1.8259999999999998	0.15696952874238967	173	58.76	0.02	0.03	10.77	0.75	0.46	3.55	4.42	0.96	0.48	776	26.16	1.77	115.59	0.0	-1.51	94.02	14.76	1.35	1.23	0.0	1.35	-0.98
195	fg3_m10	0	12.61	6	1	0.0	0.0	0.5330905757201797	-2.1056770173391754	3.6021617314848084	-0.08333079449786401	-0.07397090312853567	1.9168	0.12682436100338518	179	81.85	0.02	0.03	9.69	0.74	0.65	1.48	3.06	0.96	0.77	726	50.33	7.04	112.4	-0.0	-1.51	95.75	14.39	1.19	1.19	0.0	1.19	0.28
196	fg3_m10	0	13.1	6	1	0.0	0.0	0.5292111944922164	-2.131639482981656	3.61473096566642	-0.1412170441041517	-0.1328211852530028	1.9562	0.1014863078640397	185	71.91	0.04	0.04	13.08	0.73	0.57	1.62	3.82	0.68	0.48	666	33.77	2.07	109.96	-0.01	-1.45	98.23	13.53	1.54	1.81	0.01	1.54	-1.71
197	fg3_m10	0	13.4	6	1	0.0	0.0	0.5371907023777079	-2.13883021889461	3.5800383639131783	-0.12406366059339954	-0.02788081827000829	1.9486	0.13718438751872655	191	0.97	0.03	0.03	11.19	0.72	0.58	4.19	5.56	0.96	0.48	635	30.49	0.72	108.88	-0.02	-1.45	98.57	14.3	1.09	0.73	0.02	1.09	-1.61
0	fg3_m15	0	0.05	0	1	0.0	0.0	0.5245978344856145	-1.9055536607849466	2.9833091037207176	-0.06100665445698916	-0.031651321210718064	1.4340000000000002	0.08062691582339683	0	2.19	0.03	0.06	9.43	0.55	0.13	4.23	13.17	0.68	0.48	764	12.83	0.81	63.86	-0.07	-1.24	74.89	22.38	0.08	0.07	0.07	0.08	0.11
14	fg3_m15	1	3.91	0	1	0.0	0.0	0.5683647059014478	-2.0325306239492105	3.4089886211421336	-0.018686120756447586	-0.055836864336990914	1.7962	0.34679034114556856	98	1.03	0.05	0.05	12.68	0.48	0.16	14.36	20.14	0.86	0.64	368	11.21	3.46	61.42	-0.13	-1.2	106.55	19.28	0.11	-0.82	0.13	0.11	1.48
15	fg3_m15	1	4.11	0	1	0.0	0.0	0.5572288984923133	-1.999601774101364	3.1772846021417243	-0.05829216356239553	-0.05749923748451796	1.6841	0.16412540041359788	105	20.51	0.03	0.03	11.53	0.5	0.12	9.38	11.21	0.68	0.48	368	10.87	7.71	63.38	0.02	-1.22	105.87	19.41	0.11	-0.67	0.02	0.11	1.03
16	fg3_m15	0	4.29	0	1	0.0	0.0	0.6081956823059768	-2.1271999137355126	3.35963452622742	-0.07630045602237137	-0.050985326969716915	1.8122	0.24391304688063686	112	9.33	0.03	0.03	9.23	0.5	0.28	6.87	22.33	0.86	0.48	764	11.44	5.33	65.96	-0.0	-1.29	92.5	18.65	0.88	0.23	0.0	0.88	1.13
17	fg3_m15	0	4.49	0	1	0.0	0.0	0.5954732854430862	-2.0760465453955246	3.288281835544871	-0.059292048480413875	-0.08203477125862223	1.7487	0.15603807411239454	119	8.92	0.04	0.03	10.95	0.48	0.22	4.01	9.89	0.86	0.48	368	10.27	5.55	62.21	-0.0	-1.26	104.42	18.94	0.18	-0.44	0.0	0.18	-0.71
18	fg3_m15	0	4.68	0	1	0.0	0.0	0.5838669885275399	-2.0543055630504243	3.2373291119991525	-0.020875739718070517	-0.06279764204567725	1.7162	0.293530137309221	126	9.0	0.04	0.04	12.4	0.5	0.15	6.34	13.66	0.68	0.48	368	10.66	0.77	63.38	-0.06	-1.31	104.97	18.77	0.26	-0.41	0.06	0.26	1.72
19	fg3_m15	0	4.88	0	1	0.0	0.0	0.58722041477493	-2.0621765527924363	3.2919020334872284	-0.09095434050894444	-0.062401332523317116	1.7083	0.3084093997268705	133	8.64	0.04	0.04	12.27	0.49	0.29	8.52	15.48	0.68	0.48	368	11.29	1.09	62.43	-0.07	-1.25	105.84	19.17	0.08	-0.33	0.07	0.08	0.38
20	fg3_m15	0	0.05	1	1	0.0	0.0	0.5987360721077996	-1.728403960469746	3.3921222877588804	0.04068949812332616	0.04777853831860545	0.6505	0.07496302662080298	1	5.38	0.07	0.07	11.9	0.82	0.84	5.61	3.38	0.86	0.48	866	22.09	49.23	118.51	-0.0	-1.49	65.26	17.33	-0.04	0.59	0.0	0.04	-0.32
34	fg3_m15	1	3.91	1	1	0.0	0.0	0.5382981788212486	-1.8937658314280936	3.429089696965205	-0.024823679148619025	-0.003583243359465975	1.3696	0.19201789270566727	99	1.49	0.03	0.03	12.82	0.6	0.62	11.14	21.99	0.61	0.48	659	13.85	12.99	92.67	0.04	-1.06	108.85	20.22	0.6	-0.28	0.04	0.6	-0.51
35	fg3_m15	1	4.11	1	1	0.0	0.0	0.5669369926228983	-1.9182873606534128	3.2203040176424533	-0.010626546690730937	0.00596362964676519	1.3156	0.12815463211186176	106	1.98	0.03	0.03	12.49	0.58	0.64	8.13	19.37	0.68	0.48	647	13.08	0.07	95.56	-0.04	-1.1	110.11	19.76	0.48	-0.4	0.04	0.48	-0.33
36	fg3_m15	0	4.29	1	1	0.0	0.0	0.5704021523639998	-1.9444521923880058	3.4025667220657425	-0.018660807017598903	-0.0013585340666883966	1.3422	0.1831435878240589	113	2.14	0.02	0.02	7.76	0.62	0.66	21.33	32.45	0.96	0.77	640	13.86	12.04	96.17	0.03	-1.09	108.71	18.47	0.71	-0.17	0.03	0.71	-0.4
37	fg3_m15	0	4.49	1	1	0.0	0.0	0.5559073737582488	-1.953642659153688	3.4307005153583363	-0.09539759176935697	-0.005684274341720638	1.354	0.10158571946356558	120	0.4	0.02	0.02	6.8	0.61	0.65	9.97	17.96	0.68	0.77	650	13.59	17.25	94.03	-0.02	-1.08	107.49	19.4	0.57	-0.29	0.02	0.57	-0.15
38	fg3_m15	0	4.68	1	1	0.0	0.0	0.5675246759058763	-1.9492102714733872	3.2513861821040866	-0.020507967804598303	0.005741923882514975	1.3546	0.09217381209150388	127	0.76	0.03	0.03	13.04	0.6	0.63	11.3	23.16	0.96	0.48	648	13.45	5.47	96.02	-0.01	-1.09	108.53	19.3	0.6	-0.16	0.01	0.6	0.63
39	fg3_m15	0	4.88	1	1	0.0	0.0	0.5449936762312793	-1.9535568626209727	3.3307861873799234	-0.040525484850367055	-0.00564433948386316	1.3373	0.2008756461193871	134	0.91	0.03	0.04	12.32	0.62	0.64	25.34	35.56	0.68	0.48	636	13.76	10.71	95.01	-0.05	-1.09	106.5	19.91	0.78	-0.14	0.05	0.78	-0.61
40	fg3_m15	0	0.05	2	1	0.0	0.0	0.5769173096855433	-1.7402203562829714	3.3754974391779595	-0.0159880467981954	0.0229035585245322	0.6928	0.10167872807566183	2	1.19	0.06	0.06	13.5	0.79	0.83	20.81	18.89	0.91	0.77	947	23.08	7.97	118.81	-0.01	-1.47	66.29	20.04	-0.27	0.05	0.01	0.27	2.18
54	fg3_m15	1	3.91	2	1	0.0	0.0	0.5606238420682912	-1.9830768871427464	3.3593902771826833	-0.024236010015890038	-0.004702688423431734	1.5019	0.1850943565559827	100	2.34	0.02	0.02	7.92	0.56	0.52	1.95	5.55	0.96	0.77	734	13.54	2.26	89.02	0.0	-1.11	108.93	19.77	0.57	-0.19	0.0	0.57	-2.2
55	fg3_m15	1	4.11	2	1	0.0	0.0	0.5483965370903436	-1.9589804799106048	3.3819245950231185	-0.06339745454537914	-0.0074811183971418066	1.4239	0.2859838255681839	107	3.24	0.03	0.03	15.22	0.55	0.6	1.51	4.09	1.09	0.48	710	13.86	8.15	91.11	0.01	-1.15	109.83	18.23	0.78	0.53	0.01	0.78	0.54
56	fg3_m15	0	4.29	2	1	0.0	0.0	0.5684090895297113	-1.9855778187611035	3.33561192388888	-0.020766791811194413	-0.017019037447705655	1.4804	0.15976370095925208	114	2.58	0.02	0.03	7.17	0.57	0.47	1.75	5.06	0.86	0.77	723	13.42	16.3	90.43	-0.03	-1.15	104.85	20.61	0.55	-0.27	0.03	0.55	-0.3
57	fg3_m15	0	4.49	2	1	0.0	0.0	0.5656169170960663	-1.958458041034844	3.321572382802904	-0.06693346313985107	-0.0032158738935399666	1.4614	0.1055497241942878	121	1.37	0.03	0.03	15.6	0.57	0.53	11.75	27.05	1.09	0.48	720	13.27	8.3	91.7	0.06	-1.15	106.37	18.86	0.88	0.67	0.06	0.88	-1.74
58	fg3_m15	0	4.68	2	1	0.0	0.0	0.5557190843238947	-1.956065123573485	3.2747863865754234	-0.044166631918395684	-0.00612879560847824	1.4537	0.2436417257210773	128	0.59	0.03	0.03	15.39	0.57	0.53	12.38	20.25	1.09	0.48	710	13.02	11.65	91.79	0.02	-1.16	104.43	18.81	0.97	0.66	0.02	0.97	-1.06
59	fg3_m15	0	4.88	2	1	0.0	0.0	0.5716680193482634	-1.9589450728052304	3.2252092979467815	-0.06765568870309009	-0.001495238625540544	1.4377	0.18453161990536202	135	1.49	0.03	0.04	15.27	0.56	0.47	10.55	13.8	0.86	0.48	722	12.87	12.03	91.74	-0.02	-1.16	105.24	19.64	0.81	0.18	0.02	0.81	0.89
60	fg3_m15	0	0.05	3	1	0.0	0.0	0.5185424629727032	-1.8980286077756523	2.993517664882506	-0.022339992608596402	-0.00478753671386331	1.3451	0.05980458037754258	3	0.94	0.02	0.04	8.37	0.69	0.29	4.92	11.81	0.96	0.77	764	13.74	36.57	84.29	-0.07	-1.18	76.11	22.98	0.32	-0.11	0.07	0.32	-2.79
74	fg3_m15	1	3.91	3	1	0.0	0.0	0.5646063074700225	-2.0320641320261035	3.3623598207763488	-0.0016091438109253234	-0.014743394416131943	1.6738	0.3550983596204268	101	1.07	0.03	0.03	10.33	0.55	0.37	2.49	7.9	0.86	0.48	759	11.69	4.25	85.81	-0.05	-1.19	104.87	19.14	0.88	0.32	0.05	0.88	1.17
75	fg3_m15	1	4.11	3	1	0.0	0.0	0.5593178118759634	-2.0010990428210174	3.2878029806731	-0.018225017174634376	-0.0201586982091119	1.5805	0.3491313745498412	108	5.83	0.03	0.03	10.33	0.55	0.4	3.18	10.79	0.96	0.48	756	11.85	3.97	85.31	-0.03	-1.24	103.36	19.58	0.77	0.3	0.03	0.77	-1.96
76	fg3_m15	0	4.29	3	1	0.0	0.0	0.589262835596785	-2.0780753338449465	3.3245883995489485	-0.03333773208052715	-0.019379175022993474	1.6603	0.17899454764215	115	7.27	0.03	0.03	9.74	0.55	0.41	1.46	4.61	0.96	0.48	757	11.64	15.86	84.23	-0.07	-1.19	99.82	20.06	0.82	0.06	0.07	0.82	-0.02
77	fg3_m15	0	4.49	3	1	0.0	0.0	0.5457305224437485	-1.9596502844045327	3.1327933278877094	0.036351149819687255	-0.0012092478645621726	1.5656	0.2659148841908369	122	1.35	0.03	0.03	9.98	0.56	0.32	1.19	3.68	0.96	0.48	759	12.47	4.41	85.77	-0.03	-1.19	101.36	19.76	0.96	0.43	0.03	0.96	-0.35
78	fg3_m15	0	4.68	3	1	0.0	0.0	0.5763389168797121	-2.0335482386561945	3.309036219350647	-0.049067555169215314	-0.03454623745864766	1.5763	0.1214442700498609	129	2.76	0.03	0.03	10.44	0.56	0.41	2.39	7.13	0.86	0.48	750	12.11	8.44	86.88	0.0	-1.21	100.89	20.09	0.93	0.34	0.0	0.93	-0.43
79	fg3_m15	0	4.88	3	1	0.0	0.0	0.5706589880911428	-2.010840349286101	3.223382068136753	-0.05686369343223292	-0.027161580355777308	1.5495	0.19860560365249927	136	0.41	0.04	0.04	9.99	0.55	0.32	12.13	33.39	0.96	0.48	762	11.92	9.82	85.81	-0.05	-1.18	102.23	19.21	0.86	0.41	0.05	0.86	0.71
80	fg3_m15	0	0.05	4	1	0.0	0.0	0.5279717711709815	-1.9178390709103117	3.015664833452746	-0.05027690013155718	-0.024047835081931083	1.4037	0.08198497864498347	4	0.55	0.03	0.07	9.43	0.68	0.24	2.75	8.68	0.68	0.48	764	13.37	45.19	75.44	-0.01	-1.27	74.61	22.68	0.27	0.09	0.01	0.27	2.22
93	fg3_m15	1	3.91	4	1	0.0	0.0	0.6012433308917869	-2.09600006623174	3.3269267761741395	-0.08125997092183755	-0.11060398545462582	1.8756	0.3263760277883445	102	74.81	0.04	0.04	7.34	0.36	-0.02	14.19	10.88	0.68	0.48	368	10.44	10.13	39.86	0.01	-1.24	99.11	17.09	-0.06	-0.5	0.01	0.06	0.67
94	fg3_m15	1	4.11	4	1	0.0	0.0	0.5749740445137246	-2.0317145943254658	3.31479299746107	-0.07768497216688712	-0.0797056592743522	1.755	0.17044165609386058	109	33.72	0.03	0.03	8.48	0.38	0.1	3.57	2.79	0.68	0.48	368	11.26	13.2	40.71	0.0	-1.18	98.33	17.12	-0.04	-0.33	0.0	0.04	0.13
95	fg3_m15	0	4.29	4	1	0.0	0.0	0.6017981389982029	-2.1187151054333517	3.24250691915982	0.006807288384299608	-0.10362129147397832	1.8961	0.09973971961871622	116	36.73	0.05	0.03	8.28	0.37	0.08	5.19	4.98	0.68	0.48	368	10.16	11.14	39.41	-0.02	-1.3	98.26	16.98	0.26	-0.51	0.02	0.26	0.9
96	fg3_m15	0	4.49	4	1	0.0	0.0	0.5905269059351493	-2.0876879076177635	3.265219009235971	-0.05783445247833952	-0.14849503907503284	1.8337	0.2618860800741533	123	0.38	0.04	0.03	9.45	0.39	0.1	7.12	8.7	0.86	0.48	368	11.17	15.03	39.93	-0.02	-1.23	96.91	17.13	0.06	-0.59	0.02	0.06	0.13
97	fg3_m15	0	4.68	4	1	0.0	0.0	0.5865691624745543	-2.0588031560556925	3.1995986869078723	-0.005423674215778471	-0.12736454383272924	1.7988	0.28177616053452315	130	82.78	0.05	0.03	8.62	0.37	-0.01	10.88	11.67	0.96	0.48	368	10.86	14.42	37.52	0.05	-1.22	96.8	18.3	-0.08	-0.46	0.05	0.08	0.24
98	fg3_m15	0	4.88	4	1	0.0	0.0	0.5872320069007043	-2.0860190491734385	3.229464154193796	-0.05494159202120915	-0.10752060166044902	1.7938	0.1517824251285888	137	9.67	0.06	0.04	8.1	0.34	0.2	11.47	17.48	0.68	0.48	368	9.98	6.72	37.49	-0.1	-1.28	96.7	18.12	0.23	-0.4	0.1	0.23	-1.25
99	fg3_m15	0	0.05	5	1	0.0	0.0	0.5112977436482706	-1.8771709966842367	2.973486173159709	-0.0630966891161059	-0.003800198837377267	1.2773	0.05471164051747311	5	0.31	0.02	0.05	7.6	0.71	0.42	2.67	13.6	0.91	0.77	1256	15.11	7.79	95.06	-0.01	-1.16	64.5	25.28	0.47	-0.26	0.01	0.47	0.52
113	fg3_m15	1	3.91	5	1	0.0	0.0	0.5530544146309593	-1.891562420103636	3.290640309028832	-0.04046811541190965	-0.004015378007687622	1.3402	0.1044866999017766	103	2.07	0.02	0.02	8.38	0.56	0.67	14.06	15.66	0.96	0.77	668	14.32	0.1	90.94	0.04	-1.09	110.32	19.38	0.48	-0.16	0.04	0.48	-1.83
114	fg3_m15	1	4.11	5	1	0.0	0.0	0.5405291175947015	-1.896698500446914	3.2747341511564727	-0.011806245074593715	0.0017641999420827288	1.2981	0.2742737416777269	110	2.26	0.03	0.02	8.54	0.57	0.68	4.29	8.37	0.68	0.77	657	14.17	15.74	90.75	0.04	-1.14	108.87	18.2	0.6	0.08	0.04	0.6	0.6
115	fg3_m15	0	4.29	5	1	0.0	0.0	0.5583938251988755	-1.9338063909700705	3.1775162780047785	-0.03650344693383071	7.136477514360852e-05	1.3461	0.10774681638826544	117	2.37	0.04	0.03	11.36	0.56	0.61	23.09	43.06	0.68	0.48	687	13.67	19.16	91.23	0.03	-1.09	107.4	19.42	0.68	0.04	0.03	0.68	0.05
116	fg3_m15	0	4.49	5	1	0.0	0.0	0.5623751713090631	-1.8919091557493048	3.298805220518381	-0.04022095145723164	-0.007947408675671773	1.3024	0.15809688717782472	124	0.68	0.03	0.03	8.82	0.56	0.65	4.92	8.16	0.68	0.77	638	13.93	6.23	92.38	0.04	-1.13	109.55	19.27	0.47	-0.29	0.04	0.47	-0.01
117	fg3_m15	0	4.68	5	1	0.0	0.0	0.5550221086247775	-1.9140635246171331	3.272442673336456	-0.04388532645796247	-0.006694698133459287	1.3101	0.0905871588762968	131	1.79	0.02	0.03	10.62	0.58	0.67	1.95	3.19	0.68	0.77	641	14.16	11.7	91.74	-0.02	-1.18	107.97	18.39	0.63	-0.2	0.02	0.63	0.57
118	fg3_m15	0	4.88	5	1	0.0	0.0	0.5666675814518182	-1.9402894981876069	3.3599125696305903	-0.0642954227940648	-0.01131033101224603	1.3099	0.1575214180467889	138	0.95	0.03	0.03	9.18	0.58	0.65	5.95	9.6	0.68	0.77	619	13.92	14.5	93.83	0.0	-1.2	108.97	18.37	0.72	0.03	0.0	0.72	0.03
119	fg3_m15	0	0.05	6	1	0.0	0.0	0.5957660001711114	-1.6994290113646435	3.3954234654170614	-0.008472861060511674	0.061474855966678586	0.6592	0.07523440323398976	6	0.9	0.03	0.06	10.6	0.8	0.83	1.98	5.48	0.68	0.48	930	21.54	26.74	123.24	-0.04	-1.51	62.85	19.19	-0.24	0.58	0.04	0.24	-0.24
133	fg3_m15	1	3.91	6	1	0.0	0.0	0.5519665705809147	-1.8304773800643088	3.5346952418493887	-0.0144028795562211	0.02058013509528613	1.2274	0.16296761409389218	104	0.09	0.03	0.03	9.95	0.67	0.74	3.15	1.48	0.68	0.48	902	39.37	4.13	114.88	0.04	-1.56	104.73	17.77	0.47	-0.26	0.04	0.47	0.8
134	fg3_m15	1	4.11	6	1	0.0	0.0	0.5699002423993718	-1.895711563027364	3.4633995048084056	-0.017509634068276846	0.008190359146855746	1.1963	0.0819904540200439	111	2.87	0.04	0.04	9.82	0.6	0.73	4.33	5.84	0.68	0.48	675	15.05	5.43	102.56	-0.06	-1.34	110.13	15.68	0.58	-0.18	0.06	0.58	-2.26
135	fg3_m15	0	4.29	6	1	0.0	0.0	0.5700785666221596	-1.8747868989265937	3.5568959040976016	-0.0513236312667135	0.008960034665086995	1.1689	0.10458099162957883	118	0.58	0.02	0.03	7.66	0.6	0.77	1.99	2.53	0.68	0.77	652	16.05	7.33	99.57	0.03	-1.37	107.73	16.28	0.28	0.32	0.03	0.28	-0.29
136	fg3_m15	0	4.49	6	1	0.0	0.0	0.5552151952634943	-1.8404372522964667	3.318755466383476	-0.01156585941683007	0.018169640831375282	1.1719	0.08452050201586382	125	1.58	0.03	0.03	10.83	0.59	0.73	12.79	24.91	1.09	0.48	670	15.06	8.24	104.09	-0.04	-1.36	109.37	15.84	0.15	-0.02	0.04	0.15	-0.38
137	fg3_m15	0	4.68	6	1	0.0	0.0	0.5426360204139193	-1.8439465931978571	3.5052252755460724	-0.05915939218634374	0.005626121271422542	1.2062	0.09060217071125602	132	1.35	0.03	0.02	7.98	0.56	0.76	6.0	6.42	0.96	0.77	529	14.54	6.23	89.18	-0.02	-1.22	114.22	14.59	0.14	-0.52	0.02	0.14	-1.18
138	fg3_m15	0	4.88	6	1	0.0	0.0	0.5643754996765934	-1.8585786250404763	3.3611632567364595	-0.04429939444368418	0.0027333069019055065	1.1814	0.09751215466109356	139	0.35	0.03	0.03	10.5	0.6	0.74	12.57	18.88	0.96	0.48	663	15.08	5.52	103.61	-0.0	-1.36	107.54	15.07	0.64	0.25	0.0	0.64	0.59
