Counter_x	Image	class label	Myr	Viewpoint	# Bulges	Sep	Flux Ratio	Gini	M20	Concentration (C)	Asymmetry (A)	Clumpiness (S)	Sersic N	Shape Asymmetry (A_S)	Counter_y	$\Delta$PA	v_asym	s_asym	resids	\lambdare	$\epsilon$	A	$A_2$	deltapos	deltapos2	nspax	re	$\mu_V$	$\sigma_{V}$	skewvel	$h_{4,V}$	$\mu_{\sigma}$	$\sigma_{\sigma}$	skewsig	$h_{4,\sigma}$	$|h_{3,V}|$	$|h_{3,\sigma}|$	random
0	fg3_m12_iso1_rotated	0	0.05	0	1	0.0	0.0	0.492496302497934	-1.783751721437938	2.7857846012873155	-0.05545706476241795	-0.013910920360255659	0.9003	0.07594464297120014	0	1.26	0.02	0.05	9.11	0.72	0.31	6.51	20.63	0.86	0.48	1256	15.03	0.07	79.77	-0.04	-1.14	58.61	16.99	0.27	2.01	0.04	0.27	-0.88
1	fg3_m12_iso1_rotated	0	0.1	0	1	0.0	0.0	0.5030370148385505	-1.7269115924004086	2.6816255143639953	-0.01463382201968707	0.0008609234581556926	0.8355	0.050748338877293256	7	2.54	0.03	0.04	10.17	0.74	0.28	6.61	22.04	1.09	0.48	1256	16.23	3.89	81.74	-0.08	-1.15	58.23	17.73	-0.18	0.66	0.08	0.18	1.06
2	fg3_m12_iso1_rotated	0	0.2	0	1	0.0	0.0	0.4694171893237968	-1.7440916729697649	2.6394835098114813	0.002230028589287294	0.004812406962551879	0.8613	0.04951709668363915	14	1.92	0.03	0.05	9.43	0.76	0.31	4.69	14.97	0.86	0.64	1256	15.57	1.9	80.79	-0.05	-1.16	54.5	17.36	-0.31	1.35	0.05	0.31	-0.92
3	fg3_m12_iso1_rotated	0	0.29	0	1	0.0	0.0	0.5120771721900895	-1.7723274904197082	2.718955440803952	-0.027960502707709237	0.0030390436561717627	0.843	0.06763499821912447	21	0.4	0.04	0.05	10.54	0.77	0.27	6.34	24.57	0.96	0.48	1256	16.03	4.38	81.49	-0.08	-1.16	54.48	15.67	0.06	1.07	0.08	0.06	0.78
4	fg3_m12_iso1_rotated	0	0.39	0	1	0.0	0.0	0.4913956384631502	-1.7369811791047438	2.626529096441801	0.0034528068076732183	0.007352817907329894	0.8622	0.06335400407509763	26	2.25	0.02	0.05	9.22	0.77	0.29	5.95	16.07	0.86	0.48	1256	16.65	4.21	80.94	-0.0	-1.17	54.42	16.63	-0.22	0.93	0.0	0.22	-1.21
5	fg3_m12_iso1_rotated	0	0.49	0	1	0.0	0.0	0.4735068128825005	-1.7072564040024862	2.676447197680656	0.036307056748774234	0.015807747796884344	0.8707	0.11270061113376785	33	5.41	0.03	0.04	10.73	0.76	0.31	9.01	29.89	0.86	0.48	1256	15.47	2.6	82.52	-0.1	-1.14	55.1	16.4	-0.02	1.02	0.1	0.02	0.21
6	fg3_m12_iso1_rotated	0	0.59	0	1	0.0	0.0	0.5103346105958073	-1.7574538337498942	2.732251055096566	0.04460636381798256	0.011067064085725295	0.9273	0.07693773538874668	40	10.44	0.04	0.05	14.75	0.78	0.26	5.87	21.68	0.86	0.64	1256	16.84	0.55	83.94	-0.07	-1.21	54.67	15.49	-0.06	0.94	0.07	0.06	0.35
7	fg3_m12_iso1_rotated	0	0.98	0	1	0.0	0.0	0.5320441626784705	-1.7608632960485795	2.7159619246455176	0.061342176263285725	0.017740336857975773	0.9442	0.1470889560446223	47	1.38	0.02	0.04	9.1	0.77	0.32	5.64	16.29	1.09	0.48	1256	16.01	3.71	82.47	-0.0	-1.17	56.35	14.1	0.23	1.02	0.0	0.23	-0.21
8	fg3_m12_iso1_rotated	0	1.96	0	1	0.0	0.0	0.5285153267734236	-1.8344113830869733	2.905084285362141	0.06856467191175053	0.013558355654753844	1.3759	0.1323934311249201	54	2.97	0.03	0.04	9.24	0.76	0.32	6.29	25.81	0.86	0.48	1256	16.4	4.46	80.56	-0.02	-1.16	57.17	12.11	0.3	0.86	0.02	0.3	1.72
9	fg3_m12_iso1_rotated	0	0.05	1	1	0.0	0.0	0.48124621994537503	-1.7482380976971386	2.777254557240924	-0.03280306813335055	-0.0009019231318152953	0.8494	0.07279368520509903	1	1.03	0.02	0.05	7.99	0.8	0.52	2.15	11.17	0.61	0.77	1749	18.8	0.99	99.0	-0.02	-1.06	52.28	20.1	0.08	0.22	0.02	0.08	0.79
10	fg3_m12_iso1_rotated	0	0.1	1	1	0.0	0.0	0.4988208627461747	-1.6880454868894732	2.696998970431157	-0.015439169548890625	0.0020006020864427733	0.7826	0.08051451882729474	8	1.96	0.02	0.04	9.32	0.8	0.51	8.89	26.0	0.61	0.48	1720	18.15	0.25	102.41	-0.03	-1.08	53.17	18.73	0.12	0.16	0.03	0.12	1.1
11	fg3_m12_iso1_rotated	0	0.2	1	1	0.0	0.0	0.4646239900949316	-1.6954793481701709	2.6674988361724092	-0.00824697412126767	0.0049454950916396935	0.7729	0.06370433373289776	15	7.72	0.03	0.04	14.52	0.82	0.51	1.95	12.37	0.96	0.48	1715	18.71	3.31	101.46	-0.01	-1.11	50.68	18.99	-0.17	0.21	0.01	0.17	1.44
12	fg3_m12_iso1_rotated	0	0.29	1	1	0.0	0.0	0.4892982175640997	-1.7461455553835696	2.743895387366519	0.006913837878909656	0.0055281921083321466	0.7895	0.05069379529453226	22	0.62	0.02	0.04	9.42	0.81	0.51	1.89	10.08	0.91	0.48	1721	18.03	1.28	102.79	-0.05	-1.09	51.19	18.05	0.25	0.03	0.05	0.25	-0.23
13	fg3_m12_iso1_rotated	0	0.39	1	1	0.0	0.0	0.4820100629314261	-1.6967551695959526	2.6198641844452366	-0.00886780560963675	0.0067349519751398815	0.7816	0.0765058301130779	27	1.54	0.02	0.04	9.08	0.81	0.51	9.96	15.69	0.61	0.48	1671	18.33	0.52	103.58	-0.05	-1.11	52.78	18.43	0.03	0.18	0.05	0.03	-0.11
14	fg3_m12_iso1_rotated	0	0.49	1	1	0.0	0.0	0.4545266781865701	-1.6729330440268255	2.7420331584105324	0.029253011327056364	0.01252116337744903	0.8051	0.07973991557523928	34	1.36	0.02	0.05	10.23	0.8	0.55	4.91	16.89	0.68	0.48	1252	17.4	4.75	93.93	-0.06	-0.93	55.35	16.76	0.08	-0.12	0.06	0.08	0.9
15	fg3_m12_iso1_rotated	0	0.59	1	1	0.0	0.0	0.4948491962442638	-1.7245443360205737	2.7222746873927903	0.019416200878442053	0.009528180141332436	0.8349	0.06593470031121675	41	3.6	0.03	0.04	11.55	0.81	0.5	6.9	17.22	0.68	0.48	1256	17.99	5.33	94.83	-0.1	-0.97	54.34	18.31	-0.18	0.02	0.1	0.18	1.17
16	fg3_m12_iso1_rotated	0	0.98	1	1	0.0	0.0	0.5058210899166566	-1.7321580402644496	2.7334882933059035	0.04049079162421862	0.012600654502116887	0.8435	0.08800803682214424	48	4.71	0.04	0.05	13.39	0.82	0.5	4.65	26.97	1.09	0.48	1254	17.96	24.53	93.2	0.17	-0.91	54.67	16.76	-0.28	0.27	0.17	0.28	-0.79
17	fg3_m12_iso1_rotated	0	1.96	1	1	0.0	0.0	0.4951555969293634	-1.7736377144868742	2.8699331992894086	0.047597172191281865	0.013690549212137205	1.1295	0.06724067539019242	55	2.04	0.02	0.03	9.67	0.79	0.52	1.3	7.78	0.68	0.48	1245	17.35	13.21	92.21	0.05	-0.92	58.44	15.12	0.03	0.39	0.05	0.03	0.77
18	fg3_m12_iso1_rotated	0	0.05	2	1	0.0	0.0	0.483421227506277	-1.7273269235055544	2.78375580529622	-0.034625399357973666	-0.002944508026522249	0.8509	0.06790291341705965	2	1.37	0.02	0.04	9.35	0.81	0.51	9.02	23.29	0.91	0.48	1742	19.21	4.53	98.74	-0.0	-1.04	51.39	20.01	0.22	0.07	0.0	0.22	0.12
19	fg3_m12_iso1_rotated	0	0.1	2	1	0.0	0.0	0.4834793043354944	-1.6940303900247695	2.7229511857848374	-0.043159798586421216	-0.0007250164149934243	0.7784	0.05450546124151905	9	45.25	0.09	0.05	24.54	0.8	0.51	8.85	11.7	0.61	0.77	1703	18.37	8.88	102.31	-0.12	-1.06	51.69	21.09	-0.08	-0.17	0.12	0.08	-0.64
20	fg3_m12_iso1_rotated	0	0.2	2	1	0.0	0.0	0.461124660868424	-1.6733288077408228	2.6581381470270133	-0.026244479872315516	0.0030324475771967186	0.7701	0.05133063557792938	16	1.36	0.02	0.04	9.65	0.82	0.5	7.4	10.09	0.96	0.48	1709	18.82	1.26	100.8	-0.02	-1.1	51.03	19.65	0.0	0.56	0.02	0.0	-0.08
21	fg3_m12_iso1_rotated	0	0.29	2	1	0.0	0.0	0.4941282604424944	-1.7068093534090396	2.7313933236193786	-0.02613598671011691	0.007024076005057143	0.7963	0.08894755099274948	23	1.31	0.02	0.04	10.06	0.81	0.52	5.91	13.23	0.96	0.48	1255	17.71	0.35	93.89	-0.04	-0.95	54.86	17.91	-0.25	0.79	0.04	0.25	-0.74
22	fg3_m12_iso1_rotated	0	0.39	2	1	0.0	0.0	0.4772998685600322	-1.7103752172093059	2.7054120068734298	-0.01490430171626221	0.0070045378660130424	0.775	0.08071569694261481	28	27.72	0.05	0.04	23.57	0.82	0.52	2.93	17.83	0.96	0.48	1669	18.63	3.43	103.1	0.01	-1.12	52.8	18.47	-0.04	0.33	0.01	0.04	0.57
23	fg3_m12_iso1_rotated	0	0.49	2	1	0.0	0.0	0.4596356264216033	-1.7063117770154854	2.683564256583716	0.02081783524976912	0.01124448358906785	0.789	0.0483557111983773	35	0.19	0.02	0.04	10.67	0.81	0.53	8.84	18.69	0.61	0.48	1256	17.23	3.69	94.87	-0.09	-0.94	53.78	18.9	-0.16	-0.25	0.09	0.16	-1.44
24	fg3_m12_iso1_rotated	0	0.59	2	1	0.0	0.0	0.497866932305839	-1.7430716983497612	2.7398840197667016	0.006192495762420718	0.0065386938667996684	0.8375	0.05024125044220424	42	0.59	0.02	0.04	7.64	0.81	0.5	2.4	12.21	0.61	0.77	1717	18.51	0.92	102.68	-0.07	-1.07	52.16	19.66	-0.13	0.53	0.07	0.13	-0.0
25	fg3_m12_iso1_rotated	0	0.98	2	1	0.0	0.0	0.5095291976756994	-1.6316028142893888	2.7060600902469325	0.013985081285675344	0.017103231066843517	0.8225	0.07696370377298042	49	6.69	0.04	0.03	13.7	0.81	0.53	1.5	9.04	0.68	0.48	1256	17.92	2.33	95.0	-0.07	-0.97	54.76	17.88	-0.48	0.68	0.07	0.48	-0.39
26	fg3_m12_iso1_rotated	0	1.96	2	1	0.0	0.0	0.4887522232695683	-1.8943902425940249	2.9235187327660657	0.058202811376127275	0.017899423168903892	1.0838	0.08938848386631566	56	2.39	0.02	0.04	10.39	0.8	0.51	2.54	14.91	0.96	0.48	1228	17.71	3.4	96.38	-0.06	-1.07	59.76	16.62	0.31	-0.51	0.06	0.31	-0.78
27	fg3_m12_iso1_rotated	0	0.05	3	1	0.0	0.0	0.4820066198030348	-1.7195301681980364	2.767678795700657	-0.04245423998492316	-0.001462665403386713	0.8515	0.04066267887098857	3	2.1	0.02	0.05	6.59	0.81	0.52	1.69	10.12	0.91	0.77	1741	19.06	0.3	98.79	-0.03	-1.08	50.88	21.47	-0.24	0.13	0.03	0.24	-2.14
28	fg3_m12_iso1_rotated	0	0.1	3	1	0.0	0.0	0.5078647400378932	-1.6685396881767809	2.7102017765738053	-0.025021583557232253	0.0036312869275465743	0.7835	0.054723871584102315	10	0.74	0.02	0.04	10.87	0.81	0.49	7.82	23.39	0.96	0.48	1256	17.96	23.91	92.29	0.16	-0.91	55.89	19.01	-0.01	0.03	0.16	0.01	1.64
29	fg3_m12_iso1_rotated	0	0.2	3	1	0.0	0.0	0.4656774100077167	-1.7018382260148204	2.688445410352562	-0.012288014133144742	0.004890404067148503	0.7796	0.040293822345455324	17	2.6	0.03	0.06	11.49	0.81	0.53	3.8	21.97	1.29	0.48	1715	18.96	2.57	101.05	-0.07	-1.1	51.83	19.3	-0.31	0.46	0.07	0.31	-1.21
30	fg3_m12_iso1_rotated	0	0.29	3	1	0.0	0.0	0.4914755449508601	-1.6910523324695972	2.706573504639712	-0.010211987000623458	0.007653057045059087	0.7899	0.07464519807384175	24	8.61	0.04	0.04	13.77	0.81	0.51	1.57	8.68	0.61	0.77	1728	18.07	2.52	101.08	-0.07	-1.05	50.27	19.58	-0.11	-0.24	0.07	0.11	1.4
31	fg3_m12_iso1_rotated	0	0.39	3	1	0.0	0.0	0.4824802095346745	-1.6791279398642591	2.666515206632332	-0.02487679572511821	0.005792865547970374	0.7823	0.07424736118267962	29	0.5	0.02	0.04	10.32	0.81	0.51	7.92	8.99	0.96	0.48	1253	17.83	0.76	93.97	-0.02	-0.98	54.2	17.83	-0.28	1.11	0.02	0.28	-1.64
32	fg3_m12_iso1_rotated	0	0.49	3	1	0.0	0.0	0.45100062521464007	-1.7075484521322235	2.7232217412149247	0.004236880899787047	0.010362668736109156	0.7973	0.08318886419019161	36	2.43	0.03	0.05	10.82	0.81	0.52	2.24	13.17	0.68	0.48	1256	17.98	1.33	93.23	-0.05	-0.94	55.29	16.68	0.01	0.29	0.05	0.01	-1.4
33	fg3_m12_iso1_rotated	0	0.59	3	1	0.0	0.0	0.494484684335866	-1.7030576676448992	2.719189075503639	0.04192924927361933	0.015586185730209787	0.8353	0.04797361977288611	43	27.07	0.05	0.03	22.53	0.81	0.51	3.24	20.04	0.68	0.48	1256	17.36	14.62	95.76	0.1	-0.93	53.98	18.52	-0.42	0.71	0.1	0.42	-2.29
34	fg3_m12_iso1_rotated	0	0.98	3	1	0.0	0.0	0.5064591591465764	-1.7409245213641589	2.721978694660227	0.030514373496321818	0.015446773811972712	0.8397	0.08032391176642946	50	2.67	0.02	0.04	6.99	0.81	0.51	2.81	14.46	0.61	0.77	1239	17.61	0.7	95.85	-0.02	-0.99	55.47	17.6	-0.19	-0.02	0.02	0.19	-0.13
35	fg3_m12_iso1_rotated	0	1.96	3	1	0.0	0.0	0.4906618129362754	-1.7256149167038808	2.846859161129059	0.06035246502302494	0.018479957103935882	1.1063	0.0824698658008836	57	2.35	0.03	0.04	12.58	0.81	0.51	6.38	24.39	1.36	0.48	1618	18.39	23.13	102.67	0.21	-1.15	55.44	15.02	0.41	0.26	0.21	0.41	-0.62
36	fg3_m12_iso1_rotated	0	0.05	4	1	0.0	0.0	0.4964041820426849	-1.7938862906730983	2.7817433888643297	-0.07587003671374441	-0.02679722037718509	0.9163	0.0624484618063672	4	35.98	0.38	0.05	8.47	0.29	0.02	23.69	29.58	0.68	0.48	764	13.45	1.47	20.21	-0.13	-0.75	56.94	15.97	0.07	1.84	0.13	0.07	-0.06
37	fg3_m12_iso1_rotated	0	0.1	4	1	0.0	0.0	0.5213458278435665	-1.7656797061073468	2.6862866255006272	-0.04359364099457064	-0.0214424185286516	0.883	0.08165704166875715	11	44.53	0.07	0.05	6.13	0.33	-0.02	23.23	31.48	0.68	0.48	764	13.99	4.67	20.6	-0.0	-0.89	54.87	15.7	-0.11	1.7	0.0	0.11	1.22
38	fg3_m12_iso1_rotated	0	0.2	4	1	0.0	0.0	0.500973067988534	-1.7883912829449202	2.673261750296623	-0.014865999984426231	-0.00703623528277752	0.92	0.07243705806370862	18	66.09	0.08	0.06	6.82	0.31	0.01	14.96	24.68	0.68	0.48	764	13.3	2.3	19.57	-0.04	-0.63	50.86	15.96	-0.13	0.85	0.04	0.13	-0.42
39	fg3_m12_iso1_rotated	0	0.29	4	1	0.0	0.0	0.5219609720672972	-1.7784076691501094	2.730463678390066	-0.033943316384268105	-0.013389100658676736	0.8641	0.06420624702344711	25	16.15	0.08	0.06	5.77	0.36	0.02	18.42	27.35	0.68	0.48	764	14.55	1.85	20.59	-0.02	-0.96	50.49	14.99	0.06	0.54	0.02	0.06	-1.41
40	fg3_m12_iso1_rotated	0	0.39	4	1	0.0	0.0	0.4742934812930393	-1.7359923018975556	2.6468193035681997	-0.011077473450298329	0.002190611930169544	0.9296	0.08033133734232772	30	51.69	0.1	0.07	6.3	0.34	0.08	29.33	32.23	0.86	0.48	764	13.55	0.79	20.0	-0.13	-0.84	47.75	17.03	0.25	1.54	0.13	0.25	-0.15
41	fg3_m12_iso1_rotated	0	0.49	4	1	0.0	0.0	0.4957374970682002	-1.7437822862034569	2.7273567732182813	0.02311874107248564	0.007235734817590222	0.9345	0.07249351075994971	37	82.77	0.08	0.08	6.07	0.35	-0.04	22.36	38.42	0.68	0.48	764	14.37	0.78	21.07	-0.06	-0.81	48.75	15.26	-0.14	1.15	0.06	0.14	-0.05
42	fg3_m12_iso1_rotated	0	0.59	4	1	0.0	0.0	0.5427679385288168	-1.785874217377931	2.7712477083871763	0.0452572494165581	0.0032767479404903948	0.9794	0.16364909083342544	44	66.24	0.08	0.06	6.19	0.34	-0.05	31.12	26.64	0.96	0.48	764	13.82	3.72	19.83	0.11	-0.77	49.7	14.96	0.19	1.52	0.11	0.19	-0.89
43	fg3_m12_iso1_rotated	0	0.98	4	1	0.0	0.0	0.4863125596597151	-1.6982274239331507	2.7330586413559437	0.09684262417502144	0.02508660669706949	1.0488	0.16069098952432045	51	43.67	0.07	0.05	5.46	0.36	0.08	15.35	24.87	1.09	0.48	764	13.67	4.77	19.98	0.01	-0.92	49.12	13.6	-0.41	0.96	0.01	0.41	-1.27
44	fg3_m12_iso1_rotated	0	1.96	4	1	0.0	0.0	0.5374888227700686	-1.8577319342642948	2.9294788100716818	0.04914823362715556	-0.01986756289990396	1.7352	0.2571688168212507	58	29.67	0.08	0.05	6.93	0.32	0.18	16.96	30.38	0.68	0.21	764	12.93	3.21	19.99	-0.06	-0.91	52.44	12.05	-0.25	1.47	0.06	0.25	0.67
45	fg3_m12_iso1_rotated	0	0.05	5	1	0.0	0.0	0.5100698982990765	-1.8007766570971584	2.7819876016866103	-0.07375976264437628	-0.03742360831022873	0.9175	0.08276589138972636	5	15.15	0.1	0.07	7.26	0.31	0.05	14.24	18.55	0.68	0.48	764	13.59	8.34	20.49	0.11	-0.87	58.62	16.35	-0.39	1.13	0.11	0.39	-1.32
46	fg3_m12_iso1_rotated	0	0.1	5	1	0.0	0.0	0.5240939235053571	-1.7661079223668497	2.685232912785107	-0.040227377537041815	-0.011328271043004887	0.8697	0.08695741255891795	12	45.18	0.11	0.06	8.02	0.32	0.03	31.57	43.58	0.96	0.48	764	14.12	3.2	20.59	-0.05	-0.97	55.9	15.35	-0.1	0.73	0.05	0.1	0.69
47	fg3_m12_iso1_rotated	0	0.2	5	1	0.0	0.0	0.4848977183304339	-1.7818543692316582	2.6821069923960046	-0.010891681192669577	0.0042596589925953075	0.929	0.0823915777335087	19	2.62	0.08	0.07	5.74	0.34	0.03	9.9	14.48	0.86	0.48	764	13.56	2.91	20.65	0.01	-0.95	51.4	17.06	-0.24	0.75	0.01	0.24	1.36
49	fg3_m12_iso1_rotated	0	0.39	5	1	0.0	0.0	0.4838961019915226	-1.7344954084504614	2.656493498899187	0.0020657340992431324	0.006839295582662499	0.9227	0.10131623744697174	31	39.13	0.28	0.1	6.98	0.37	0.06	20.9	27.01	0.86	0.48	764	13.57	10.63	19.68	0.14	-0.73	48.25	15.02	-0.1	0.89	0.14	0.1	-0.78
50	fg3_m12_iso1_rotated	0	0.49	5	1	0.0	0.0	0.4984938910978247	-1.744834845028167	2.728145220021576	0.036989052805650666	0.007919605665470484	0.9316	0.060731711537221664	38	8.88	0.06	0.06	5.56	0.36	-0.02	9.57	19.51	0.86	0.48	764	14.38	2.24	20.8	0.05	-0.89	49.45	14.96	-0.07	0.94	0.05	0.07	1.61
51	fg3_m12_iso1_rotated	0	0.59	5	1	0.0	0.0	0.5369658302083489	-1.7770427476872277	2.782748969774125	0.06101232717913624	0.008119241575682425	0.9793	0.14332259254161406	45	56.3	0.07	0.06	5.32	0.36	0.01	11.84	18.18	0.96	0.48	764	13.43	2.2	21.28	-0.07	-0.89	49.42	15.15	-0.2	1.32	0.07	0.2	1.3
52	fg3_m12_iso1_rotated	0	0.98	5	1	0.0	0.0	0.490783680151801	-1.714377602325052	2.73689294992946	0.07743920467319287	0.02112245384963712	1.0502	0.1495290148197403	52	51.92	0.08	0.05	5.33	0.35	0.07	12.44	14.35	0.86	0.48	764	13.37	1.14	20.84	-0.07	-1.0	49.78	12.85	-0.02	0.67	0.07	0.02	0.09
53	fg3_m12_iso1_rotated	0	1.96	5	1	0.0	0.0	0.5385883761214211	-1.859451176222988	2.9642304032308866	0.08273791910573355	-0.0025254330043039943	1.7447	0.3085554883649724	59	60.88	0.06	0.04	4.86	0.34	0.16	15.49	22.12	0.68	0.77	764	12.83	2.46	20.65	-0.02	-1.09	51.81	12.92	-0.48	2.24	0.02	0.48	1.25
54	fg3_m12_iso1_rotated	0	0.05	6	1	0.0	0.0	0.5034447525668273	-1.7937901820976152	2.763189789274941	-0.047858629232456325	-0.03283439170309093	0.9108	0.07819671609478204	6	86.94	0.19	0.06	6.24	0.28	0.05	22.35	30.51	0.86	0.48	764	13.76	3.28	19.82	-0.17	-0.65	57.03	16.23	-0.2	0.93	0.17	0.2	0.94
55	fg3_m12_iso1_rotated	0	0.1	6	1	0.0	0.0	0.5124220490899103	-1.7505047424197917	2.675511580569665	-0.044372544217666	-0.014303763378523784	0.8706	0.08244455359634413	13	46.68	0.08	0.05	6.53	0.32	0.03	25.68	23.48	0.68	0.48	764	13.93	3.83	20.83	-0.09	-0.71	55.27	14.9	-0.3	0.97	0.09	0.3	0.13
56	fg3_m12_iso1_rotated	0	0.2	6	1	0.0	0.0	0.4852014699474525	-1.7863087055576587	2.6905091580176386	-0.007507875934976405	0.0017655375253976125	0.9291	0.05953211088753872	20	60.14	0.07	0.05	6.25	0.35	0.04	18.61	24.62	0.96	0.48	764	13.61	4.71	20.96	-0.06	-0.77	51.06	15.54	-0.12	0.8	0.06	0.12	-1.29
58	fg3_m12_iso1_rotated	0	0.39	6	1	0.0	0.0	0.4907889665332403	-1.7336483397049016	2.6514955195040657	-0.0008881853633254256	0.006315058659869387	0.9233	0.07134516787308211	32	48.99	0.07	0.06	5.92	0.36	0.05	7.89	12.64	0.68	0.48	764	13.46	4.4	20.54	0.05	-0.9	49.16	15.22	0.01	1.57	0.05	0.01	-0.0
59	fg3_m12_iso1_rotated	0	0.49	6	1	0.0	0.0	0.4931262203682805	-1.7453564123925556	2.7239394138041413	0.03894361560568122	0.01182529062674426	0.932	0.090937133086227	39	13.31	0.08	0.06	6.57	0.37	0.08	30.58	53.39	0.86	0.64	1256	14.77	0.36	23.03	-0.16	-0.98	48.86	16.78	-0.04	1.89	0.16	0.04	-1.2
60	fg3_m12_iso1_rotated	0	0.59	6	1	0.0	0.0	0.5335315621832821	-1.7723603537871548	2.7824232858574565	0.060308460519524335	0.0035676436899389203	0.9821	0.16727536292655554	46	0.55	0.07	0.07	5.47	0.37	-0.05	6.22	8.38	0.68	0.48	764	13.95	2.44	21.64	0.08	-0.95	49.29	14.66	0.08	1.27	0.08	0.08	0.6
61	fg3_m12_iso1_rotated	0	0.98	6	1	0.0	0.0	0.4877474871887647	-1.7093305279081543	2.7450712378935767	0.0803577000158513	0.020088821284706963	1.0572	0.10763486334614562	53	0.61	0.06	0.05	5.03	0.38	-0.03	17.09	20.78	0.68	0.88	764	14.31	3.08	21.8	-0.17	-0.82	49.73	13.62	0.05	1.68	0.17	0.05	-2.1
62	fg3_m12_iso1_rotated	0	1.96	6	1	0.0	0.0	0.5369910005275731	-1.8567272937371408	2.9405424366632023	0.04681880670237102	-0.018522869557872	1.7212	0.27973306644544843	60	60.59	0.06	0.04	5.0	0.35	0.18	10.59	20.03	1.09	0.48	764	14.22	3.0	20.92	-0.03	-1.02	51.54	12.53	-0.75	2.8	0.03	0.75	0.05
0	fg3_m12_iso0.5_rotated	0	0.05	0	1	0.0	0.0	0.5118074114289278	-1.7644650206170869	2.7234395137840273	-0.05649119038026109	-0.0017774134516644509	0.8448	0.0681825654860044	0	1.61	0.03	0.08	8.89	0.75	0.3	4.72	13.6	0.86	0.48	764	13.19	3.25	61.37	-0.01	-1.1	44.88	15.27	0.02	1.14	0.01	0.02	0.83
1	fg3_m12_iso0.5_rotated	0	0.1	0	1	0.0	0.0	0.5011942347974043	-1.7041395869685745	2.6146499310518614	-0.03835152593706705	0.0016648744227498293	0.7883	0.15595052005233762	7	4.47	0.03	0.06	9.63	0.73	0.26	7.19	15.95	0.86	0.64	764	12.72	5.23	63.56	-0.1	-1.08	45.29	16.48	-0.21	0.84	0.1	0.21	2.43
2	fg3_m12_iso0.5_rotated	0	0.29	0	1	0.0	0.0	0.5134287531929059	-1.672939746040821	2.6579104153443867	-0.022675294339427717	0.0032554324921679673	0.8058	0.08978045241890634	14	0.57	0.03	0.07	9.08	0.77	0.26	1.85	6.71	0.68	0.48	764	12.83	17.36	61.62	0.09	-1.01	41.98	16.57	-0.05	0.54	0.09	0.05	-0.74
3	fg3_m12_iso0.5_rotated	0	0.49	0	1	0.0	0.0	0.4862236058407472	-1.7715291622792226	2.6915015399702047	0.006929285248774598	0.0040593838148058736	0.9008	0.1069164687763973	21	6.32	0.05	0.06	10.79	0.76	0.27	6.25	15.41	0.96	0.48	764	12.96	0.88	61.83	-0.08	-1.18	41.42	15.41	0.05	1.88	0.08	0.05	0.55
4	fg3_m12_iso0.5_rotated	0	1.96	0	1	0.0	0.0	0.5205200259742511	-1.9862322710525877	3.0414503216809297	0.000677298268394588	0.0073295655304574095	2.2385	0.16399550811609445	28	12.25	0.03	0.06	8.8	0.71	0.14	5.44	11.67	1.09	0.48	750	12.1	5.2	61.17	0.02	-1.15	47.72	12.05	0.72	0.67	0.02	0.72	-0.63
5	fg3_m12_iso0.5_rotated	0	0.05	1	1	0.0	0.0	0.493334565799087	-1.7442411584765125	2.75150988680565	-0.05587776092866527	-0.0017304824583128846	0.8059999999999999	0.06962069784855537	1	1.98	0.02	0.07	6.22	0.8	0.56	1.97	6.84	0.96	0.77	748	14.64	4.3	70.89	-0.03	-0.94	44.74	17.72	-0.31	0.84	0.03	0.31	-1.56
6	fg3_m12_iso0.5_rotated	0	0.1	1	1	0.0	0.0	0.4955631576242753	-1.6640474691981115	2.651022910957737	-0.015917738140309348	0.004971023434828004	0.7223	0.06747384917460318	8	2.59	0.02	0.05	6.03	0.79	0.54	10.78	25.73	0.96	0.77	729	14.0	7.44	74.39	0.02	-1.01	47.19	14.89	-0.14	0.29	0.02	0.14	-0.46
7	fg3_m12_iso0.5_rotated	0	0.29	1	1	0.0	0.0	0.498446287624484	-1.5806758758904669	2.6289894406300576	-0.016558693794814824	0.009219898614136952	0.7290000000000001	0.0832341359809104	15	2.49	0.05	0.07	12.33	0.82	0.53	3.93	13.89	0.96	0.48	743	13.84	43.47	67.57	0.29	-0.8	41.7	16.96	-0.31	0.36	0.29	0.31	-1.12
8	fg3_m12_iso0.5_rotated	0	0.49	1	1	0.0	0.0	0.4607898996896421	-1.7878519631151917	2.7255024957360248	-0.0014770537526337933	0.0018513595870543293	0.7945	0.06880344852545912	22	6.49	0.06	0.06	13.56	0.8	0.53	3.38	10.22	1.29	0.48	696	13.87	4.93	74.47	-0.08	-1.1	44.39	16.95	-0.35	0.76	0.08	0.35	0.2
9	fg3_m12_iso0.5_rotated	0	1.96	1	1	0.0	0.0	0.5051949018242884	-1.9588086430199918	3.0422810676126986	-0.017795389457980218	0.01619600254009775	1.4733	0.1022155257874434	29	5.07	0.02	0.04	10.49	0.77	0.49	2.57	7.62	0.96	0.48	724	13.86	4.09	73.48	0.01	-1.06	50.11	14.56	-0.01	1.15	0.01	0.01	-0.69
10	fg3_m12_iso0.5_rotated	0	0.05	2	1	0.0	0.0	0.4890039674470055	-1.736462192309272	2.7415181655509517	-0.0408106372226572	-0.0013381250851647337	0.8038	0.06729111509713329	2	36.03	0.05	0.05	17.45	0.79	0.54	9.7	25.74	0.68	0.48	756	14.39	4.83	70.45	-0.0	-0.94	45.2	15.11	-0.34	0.46	0.0	0.34	-0.3
11	fg3_m12_iso0.5_rotated	0	0.1	2	1	0.0	0.0	0.5038844542497581	-1.670245970091845	2.650463853961269	-0.04273413114716275	0.003236958306179448	0.7278	0.06706025543925771	9	0.97	0.02	0.05	10.06	0.8	0.52	5.55	12.34	0.68	0.48	741	14.3	12.25	72.56	0.05	-0.97	43.36	17.09	-0.57	0.59	0.05	0.57	0.17
12	fg3_m12_iso0.5_rotated	0	0.29	2	1	0.0	0.0	0.5079465098217074	-1.7598941063072602	2.7215656627263263	-0.019886280288291844	0.011741526829335913	0.762	0.10485429620892188	16	7.99	0.06	0.08	12.98	0.79	0.52	22.03	34.48	1.09	0.48	727	14.16	15.59	71.38	-0.19	-0.93	44.72	15.73	-0.52	1.0	0.19	0.52	-0.74
13	fg3_m12_iso0.5_rotated	0	0.49	2	1	0.0	0.0	0.4546424780816449	-1.6644254543457124	2.708181218810769	0.0032941421328684228	0.011670812665309515	0.7957	0.06600420610469694	23	3.49	0.05	0.05	11.39	0.8	0.5	4.76	14.97	0.61	0.77	726	13.82	24.05	70.55	-0.31	-0.87	41.61	15.67	-0.41	0.52	0.31	0.41	1.08
14	fg3_m12_iso0.5_rotated	0	1.96	2	1	0.0	0.0	0.4895305257330422	-2.0279914329517066	3.0337377849918123	-0.00573765848880934	0.014470758331459072	1.5304	0.06735057270691497	30	3.61	0.03	0.06	10.57	0.76	0.55	4.15	10.99	0.61	0.48	696	14.25	1.57	74.9	-0.0	-1.11	53.54	14.88	0.14	0.32	0.0	0.14	0.97
15	fg3_m12_iso0.5_rotated	0	0.05	3	1	0.0	0.0	0.4785548885542588	-1.7003881919986794	2.718522369182017	-0.032715236038866766	0.00408634691959278	0.7942	0.06890892533223784	3	3.51	0.02	0.06	6.66	0.81	0.54	1.77	7.77	0.91	0.77	1050	15.16	1.64	81.0	0.01	-1.2	42.28	16.75	-0.39	0.69	0.01	0.39	-0.04
16	fg3_m12_iso0.5_rotated	0	0.1	3	1	0.0	0.0	0.499729542330444	-1.676968375078046	2.673087746773895	-0.03148789901002932	0.007555824916188231	0.7268	0.09810780460196784	10	1.79	0.03	0.05	10.02	0.8	0.52	11.83	32.28	0.96	0.48	735	14.43	20.85	71.92	0.16	-0.94	45.17	15.43	-0.63	0.82	0.16	0.63	-0.78
17	fg3_m12_iso0.5_rotated	0	0.29	3	1	0.0	0.0	0.5030712133246442	-1.68316576750171	2.6920589438589593	-0.00877196400573945	0.010390478884657769	0.7502	0.0720524706780687	17	1.24	0.03	0.06	6.44	0.8	0.51	3.27	9.05	0.68	0.77	741	13.34	0.49	74.42	-0.04	-1.03	43.73	17.21	-0.26	0.4	0.04	0.26	0.06
18	fg3_m12_iso0.5_rotated	0	0.49	3	1	0.0	0.0	0.4705202858362953	-1.6024167923043413	2.6487661051137463	0.004151436693549463	0.008823231475745541	0.7888	0.0719255056562211	24	8.71	0.03	0.05	13.11	0.81	0.54	3.59	12.43	1.09	0.48	751	14.02	11.9	72.93	0.05	-0.95	43.9	15.29	0.01	0.22	0.05	0.01	1.28
19	fg3_m12_iso0.5_rotated	0	1.96	3	1	0.0	0.0	0.5085921840711819	-1.9653763651515808	3.0380365946217696	0.039964558418460486	0.008633395980376764	1.6141	0.10561781528209073	31	0.78	0.02	0.04	9.61	0.73	0.42	3.62	12.98	0.96	0.48	707	11.67	5.43	73.9	0.0	-1.1	51.94	13.54	-0.13	0.3	0.0	0.13	0.46
20	fg3_m12_iso0.5_rotated	0	0.05	4	1	0.0	0.0	0.4871173373514981	-1.7430008982738128	2.679511577626556	-0.08017908629503724	-0.03335667236228841	0.8517	0.10890138735424512	4	17.61	0.11	0.09	6.0	0.35	0.03	22.9	35.47	0.68	0.77	764	12.69	5.37	17.73	0.11	-0.79	41.34	15.49	-0.16	0.75	0.11	0.16	-0.33
21	fg3_m12_iso0.5_rotated	0	0.1	4	1	0.0	0.0	0.5017701999772103	-1.721568483956604	2.586768807209543	-0.027971710554309283	-0.006627984389436436	0.8156	0.08425897460773785	11	65.35	0.13	0.08	7.4	0.35	0.03	34.35	25.27	0.96	0.21	764	12.03	3.18	18.52	-0.09	-0.94	40.78	16.29	-0.19	0.56	0.09	0.19	0.83
22	fg3_m12_iso0.5_rotated	0	0.29	4	1	0.0	0.0	0.519782910042891	-1.7027053173126208	2.6622396154373877	0.0083509136762419	-0.0039284715535150855	0.8288	0.05556787467357057	18	9.1	0.09	0.07	5.31	0.39	0.02	33.73	43.61	0.68	0.48	764	12.31	6.64	18.48	-0.06	-0.74	37.21	17.07	-0.18	0.25	0.06	0.18	0.98
23	fg3_m12_iso0.5_rotated	0	0.49	4	1	0.0	0.0	0.4956538759138057	-1.7319234260973946	2.722994994835544	0.03378788648091882	-0.005806174419290302	0.9828	0.10721631479148022	25	64.87	0.11	0.08	6.94	0.39	-0.03	26.53	24.71	0.86	0.21	764	12.06	3.29	17.73	0.15	-0.8	34.38	16.78	-0.36	-0.24	0.15	0.36	-0.07
25	fg3_m12_iso0.5_rotated	0	0.05	5	1	0.0	0.0	0.5107154484807163	-1.7698122854029592	2.681372904056796	-0.014184862456131753	-0.03259584575472746	0.8493	0.11002471294584212	5	48.27	0.14	0.07	6.87	0.33	0.01	24.41	28.13	0.68	0.48	764	11.47	1.19	17.57	-0.21	-0.91	41.72	14.48	-0.01	1.62	0.21	0.01	0.04
26	fg3_m12_iso0.5_rotated	0	0.1	5	1	0.0	0.0	0.4951129465002395	-1.7103923963986485	2.5709043128363063	-0.047595740843195684	-0.01158745961189946	0.8097	0.12708133431689034	12	55.24	1.04	0.13	7.48	0.41	0.04	40.36	49.04	0.86	0.64	764	12.34	12.47	16.94	0.39	-0.74	39.93	16.5	-0.09	0.55	0.39	0.09	-0.5
27	fg3_m12_iso0.5_rotated	0	0.29	5	1	0.0	0.0	0.5329726042182608	-1.7078416757957429	2.6566575927328064	0.006985669307634879	0.002003240746836053	0.8218	0.10312336878403207	19	34.66	0.12	0.11	6.19	0.36	0.08	21.61	25.73	0.86	0.48	764	12.59	0.98	16.98	-0.08	-0.79	37.21	17.42	-0.13	-0.05	0.08	0.13	-1.11
28	fg3_m12_iso0.5_rotated	0	0.49	5	1	0.0	0.0	0.4995019383241887	-1.732413335634566	2.7344271264876747	0.0002750752183214624	-0.003097020115365027	0.9912	0.06687985325925594	26	38.64	0.17	0.1	6.78	0.35	-0.02	30.26	33.96	0.68	0.77	764	11.89	2.3	16.42	-0.44	-0.65	35.73	16.15	-0.38	0.07	0.44	0.38	-1.64
30	fg3_m12_iso0.5_rotated	0	0.05	6	1	0.0	0.0	0.5183404628725803	-1.7729644503213924	2.7014293345528477	-0.08464575536057899	-0.03924235786727365	0.8567	0.08570319640690313	6	81.43	0.5	0.08	7.94	0.32	0.03	36.92	49.26	0.86	0.77	764	11.44	5.13	17.1	0.11	-0.82	40.3	14.91	-0.39	0.86	0.11	0.39	-0.84
31	fg3_m12_iso0.5_rotated	0	0.1	6	1	0.0	0.0	0.4995634703268018	-1.7173823864122022	2.610252308652173	-0.0353383103943005	-0.00741000281923624	0.8228	0.1189347054355942	13	35.06	0.13	0.09	7.14	0.34	0.06	19.46	22.37	0.68	0.48	764	12.59	4.63	17.27	0.02	-1.01	40.98	16.1	-0.04	0.55	0.02	0.04	-0.52
32	fg3_m12_iso0.5_rotated	0	0.29	6	1	0.0	0.0	0.5165418229815747	-1.7058912744980397	2.645259973876814	-0.015149000532873843	-0.0037782791725872048	0.8271	0.10160613771486214	20	89.15	0.1	0.09	5.63	0.38	0.03	32.45	48.79	0.68	0.77	764	12.15	1.26	17.9	-0.23	-0.79	35.52	16.43	-0.21	0.03	0.23	0.21	-1.49
33	fg3_m12_iso0.5_rotated	0	0.49	6	1	0.0	0.0	0.4967526308840388	-1.733173995513382	2.7338015762638066	0.005578789684804074	0.0005359507612960746	0.9916	0.1311500550155939	27	34.79	0.12	0.12	5.48	0.44	0.02	31.23	34.83	0.96	1.07	764	11.7	10.0	18.1	0.3	-0.84	35.22	15.75	-0.14	0.36	0.3	0.14	0.47
34	fg3_m12_iso0.5_rotated	0	1.96	6	1	0.0	0.0	0.5470093592820301	-2.126152222394224	3.1990844074174682	-0.0734689112341078	-0.03279598445637133	3.5260000000000002	0.28219620818072155	32	55.42	0.07	0.07	4.82	0.31	-0.25	13.33	13.46	0.68	0.48	368	11.04	3.68	13.96	0.06	-0.92	42.48	11.1	-0.41	1.63	0.06	0.41	0.17
0	fg3_m12	1	1.66	0	1	0.0	0.0	0.5420531898776271	-2.4795974614513794	4.618023786116019	0.060351447898394125	0.004627106279705826	4.1797	0.38334696407405344	0	23.21	0.03	0.03	6.22	0.37	0.26	5.87	10.15	0.68	0.77	368	8.07	0.57	57.11	-0.09	-1.18	102.9	30.83	0.53	-0.46	0.09	0.53	0.45
1	fg3_m12	1	1.76	0	2	8.634137541774399	2.388251174520641	0.570338585634418	-0.8296311605390464	1.3891085171832196	0.3053224002640129	0.1191580549795518	4.0885	0.2729273098442346	5	0.05	0.05	0.07	12.32	0.45	0.19	4.93	12.01	1.09	0.48	368	10.22	8.87	60.65	-0.09	-1.14	110.39	30.54	0.4	-0.37	0.09	0.4	-0.01
2	fg3_m12	1	1.81	0	2	7.661595148241375	3.059989949155128	0.5841342826080602	-0.9070280780974608	1.4209055209116728	0.45903730405502796	0.1007617528232776	3.3128	0.7078472843129658	12	12.32	0.07	0.03	16.42	0.36	0.32	19.09	28.78	1.09	0.48	368	7.54	19.6	70.96	0.31	-0.96	122.65	23.45	0.03	-0.57	0.31	0.03	-0.27
3	fg3_m12	1	1.86	0	2	13.79236282734441	5.910714737978586	0.6412895090515959	-0.7646436817212138	4.59126754910958	0.3652893112203361	0.005854242971782226	4.7262	0.6473054185207818	19	52.54	0.05	0.02	12.29	0.35	0.24	3.83	4.91	1.09	0.48	368	9.88	12.37	50.99	0.26	-1.02	125.56	22.51	-0.32	-0.6	0.26	0.32	-0.99
4	fg3_m12	1	1.91	0	2	15.261807503163315	4.25598413133743	0.661422694030399	-0.6654884996709984	4.899841690950758	0.27889176485459594	0.057984824733379466	2.5549	1.1368442865697128	25	64.63	0.07	0.03	15.17	0.37	0.09	29.78	27.98	0.86	0.64	368	9.68	18.56	60.18	-0.25	-1.12	137.66	23.65	-0.27	-0.29	0.25	0.27	0.34
5	fg3_m12	1	2.0	0	2	8.935690111087625	5.431502702994874	0.6081534821100604	-0.9207253512322908	4.519009972748755	0.3106364115896117	0.015245296137125537	2.9796	0.5260456789419196	30	2.25	0.05	0.05	15.11	0.39	0.45	18.78	13.76	0.68	0.48	368	8.15	14.18	72.55	-0.31	-1.06	139.26	31.98	0.4	-0.33	0.31	0.4	0.05
6	fg3_m12	1	2.15	0	1	0.0	0.0	0.6318087782312983	-1.7550862596273509	3.65106986247717	0.17104393006154345	0.0006217866772702732	1.6139	0.7926073884200708	44	51.62	0.06	0.02	17.53	0.31	0.33	28.94	32.37	0.86	0.48	368	9.53	32.22	64.04	-0.32	-0.38	166.34	21.3	-0.27	0.11	0.32	0.27	-2.11
8	fg3_m12	1	2.25	0	1	0.0	0.0	0.5696234446708736	-2.034864434200788	3.947069854652468	0.14987571328952087	0.00013214895591286016	2.6973	0.3535839064496749	57	6.07	0.08	0.04	15.52	0.28	0.46	51.68	41.34	0.86	0.48	368	11.11	12.23	54.31	0.1	-0.71	163.41	28.75	0.24	-0.49	0.1	0.24	-0.0
9	fg3_m12	1	2.35	0	1	0.0	0.0	0.6110756465086521	-2.208979252161968	4.671669922709377	0.11133831420985446	-0.0017967080518681367	3.1205	0.29248944967338264	63	8.71	0.09	0.04	16.92	0.25	0.5	30.84	26.53	0.96	0.48	368	8.22	1.17	59.29	0.46	-0.27	165.54	31.03	0.5	-0.47	0.46	0.5	0.54
11	fg3_m12	1	2.54	0	1	0.0	0.0	0.6145979408256079	-2.3600677717315763	4.753679740805454	0.11024174770306587	0.005037205207814879	3.2533	0.26672469156364376	71	2.09	0.06	0.05	14.71	0.23	0.46	32.35	35.53	0.86	0.48	368	6.75	10.44	63.28	0.18	-0.44	167.96	34.67	0.63	-0.06	0.18	0.63	-1.07
12	fg3_m12	1	2.59	0	1	0.0	0.0	0.6355585010466008	-2.3409619466230507	4.7620728868798645	0.05833853974135275	-0.00036532457730726833	3.2621	0.18683256463473613	78	4.08	0.07	0.06	21.11	0.18	0.5	40.12	28.32	1.09	0.48	368	5.58	12.88	62.8	0.12	-0.44	171.96	37.72	0.72	-0.44	0.12	0.72	0.23
13	fg3_m12	0	2.69	0	1	0.0	0.0	0.6248010807945775	-2.1855132021909176	4.56928030058957	0.13454126927100002	-0.002745321394568002	2.8097	0.18350418108393052	85	1.62	0.04	0.05	17.23	0.21	0.49	5.53	9.89	0.96	0.48	368	5.75	2.62	66.92	0.03	-0.41	173.99	32.9	0.61	-0.55	0.03	0.61	-0.59
14	fg3_m12	0	2.79	0	1	0.0	0.0	0.6131407993443513	-2.220345140625624	4.6581321483085185	0.09142242753229624	-0.0016434737111247274	3.1361	0.1878018773971995	91	1.36	0.04	0.03	16.61	0.23	0.44	20.24	15.83	0.96	0.48	368	6.51	6.97	68.12	0.18	-0.62	170.05	31.01	0.46	-0.53	0.18	0.46	-0.39
15	fg3_m12	0	3.62	0	1	0.0	0.0	0.6010638028404524	-2.3698106529775163	4.528735022064153	0.07043228179108252	0.0025947499378917065	2.9146	0.12903171951625605	98	19.23	0.06	0.04	17.29	0.27	0.5	8.75	7.69	0.96	0.48	368	7.39	8.14	72.83	-0.04	-0.68	166.44	34.24	0.47	-0.56	0.04	0.47	1.0
16	fg3_m12	0	4.6	0	1	0.0	0.0	0.5644126196960325	-2.249992397425105	3.881144695363181	0.001082105791006711	-0.00680425648967526	2.6218	0.07043340057470572	102	4.86	0.04	0.04	16.91	0.35	0.47	24.94	16.38	0.86	0.48	368	9.71	3.15	71.89	0.02	-0.78	161.87	30.32	0.49	-0.57	0.02	0.49	-0.99
17	fg3_m12	0	5.18	0	1	0.0	0.0	0.5974754335129526	-2.442628614459854	4.394127416419591	0.003124332351148713	-0.002384018704736347	2.9539999999999997	0.08284716550688337	108	8.41	0.05	0.04	13.53	0.31	0.45	31.3	34.39	0.96	0.48	368	8.43	9.1	72.07	-0.01	-0.79	167.04	33.4	0.8	-0.33	0.01	0.8	-0.13
18	fg3_m12	0	5.57	0	1	0.0	0.0	0.5970131769303587	-2.442081235291514	4.3664542865095735	-0.013797233516301943	-0.010562444474643379	2.9723	0.14738898876616804	115	0.64	0.04	0.03	17.46	0.29	0.49	11.82	11.14	1.09	0.48	368	8.37	20.18	67.86	0.07	-0.73	163.04	30.84	0.44	-0.81	0.07	0.44	0.8
19	fg3_m12	0	6.06	0	1	0.0	0.0	0.6063873859176135	-2.3678746508938606	3.97282050029514	-0.05203012738112362	-0.010732623509915152	2.9266	0.10551510141165768	120	3.06	0.05	0.04	13.31	0.48	0.4	15.09	27.37	1.29	0.48	1043	28.2	8.65	87.35	-0.02	-1.39	145.5	23.75	1.72	3.15	0.02	1.72	1.26
20	fg3_m12	0	0.05	0	1	0.0	0.0	0.5062803444170522	-1.8042520829400703	2.775075979590392	-0.030828990458967205	-0.022592060299984684	0.9277	0.0492912009967652	126	5.38	0.03	0.07	7.44	0.55	0.15	1.12	3.53	0.43	0.48	764	14.45	2.12	51.91	-0.04	-1.11	62.92	19.39	0.09	0.89	0.04	0.09	1.09
21	fg3_m12	0	0.1	0	1	0.0	0.0	0.5152374945440811	-1.7504783388270442	2.6732858301197937	-0.03998352381219745	-0.008071463713171679	0.8662	0.07026071407813465	132	3.71	0.03	0.07	7.8	0.56	0.12	3.84	18.0	0.43	0.77	1256	14.88	3.73	59.6	-0.07	-1.19	58.25	20.57	-0.02	0.45	0.07	0.02	0.1
22	fg3_m12	0	0.2	0	1	0.0	0.0	0.4854033979515878	-1.7772639790482732	2.682457386188604	-0.005923701957232027	0.003658968100496422	0.9198	0.0672555789667911	139	5.18	0.03	0.08	6.08	0.58	0.15	3.11	8.78	0.43	0.48	764	13.87	3.87	54.31	0.01	-1.19	61.47	19.95	0.02	0.5	0.01	0.02	0.64
23	fg3_m12	0	0.29	0	1	0.0	0.0	0.5276251845769904	-1.7899760248412215	2.740931282240063	-0.006660321860613845	0.005235540738503799	0.8606	0.09485323303051496	146	0.75	0.03	0.08	7.43	0.58	0.11	3.18	12.61	0.43	0.77	764	14.52	1.94	53.49	-0.06	-1.2	60.45	20.67	-0.01	0.57	0.06	0.01	0.87
24	fg3_m12	1	0.39	0	2	12.478451773846901	2.0720488977590046	0.5002586868324305	-0.8863544381587901	1.7459227049734	0.30756896263840633	0.009599526997596036	0.8234	0.3712137495024295	152	19.18	0.03	0.07	7.39	0.58	0.37	3.03	8.65	0.3	0.77	1256	15.57	1.55	58.27	0.0	-1.19	60.74	22.09	0.21	0.64	0.0	0.21	2.49
25	fg3_m12	1	0.59	0	2	8.062354827289068	6.698846094165263	0.5631819963522798	-1.770612312106536	3.0824119488161013	0.18911808163136345	0.02586087787776265	1.296	0.4832893926247031	158	31.36	0.04	0.07	10.97	0.5	0.37	3.35	3.98	0.68	0.48	368	11.13	3.32	55.79	0.0	-1.17	89.36	22.22	0.3	-0.38	0.0	0.3	-0.69
26	fg3_m12	1	0.78	0	1	0.0	0.0	0.6807174658076163	-2.3250412203021305	5.002809500922343	0.19983118252203905	0.0054918871122525866	3.6285	0.3803395537385588	165	13.41	0.07	0.1	10.53	0.36	-0.18	10.91	16.46	0.68	0.48	368	7.93	10.31	50.7	-0.18	-1.17	98.22	30.16	0.95	0.2	0.18	0.95	-1.06
27	fg3_m12	1	0.98	0	1	0.0	0.0	0.6442236654939066	-2.374329830503493	4.461865450667871	0.1411003503040407	0.0061325063493055595	3.5467	0.4428697794113567	171	15.22	0.04	0.05	7.69	0.37	0.29	6.65	5.59	0.68	0.48	368	8.04	3.21	51.17	-0.01	-1.19	93.82	26.55	0.61	-0.05	0.01	0.61	0.86
29	fg3_m12	1	1.37	0	1	0.0	0.0	0.5779660616511321	-2.407849931942573	4.776873223316138	0.12141614279294245	0.0063261434576814156	4.1465	0.219144316599638	183	0.25	0.03	0.05	9.98	0.14	0.32	29.91	22.41	0.86	0.48	368	4.21	6.05	53.87	-0.03	-1.16	103.29	32.18	0.71	-0.37	0.03	0.71	1.87
30	fg3_m12	1	1.56	0	1	0.0	0.0	0.5903435312387915	-2.1846488025761954	4.924676977734536	0.14387357074376655	0.0057592118818465795	4.0323	0.31937620154100216	190	59.99	0.03	0.05	11.0	0.36	-0.19	11.73	16.03	0.86	0.48	368	7.71	2.35	56.37	0.02	-1.18	101.52	29.3	0.55	-0.48	0.02	0.55	2.01
31	fg3_m12	1	1.66	1	1	0.0	0.0	0.5824424824351411	-2.417139037101196	4.264986864796308	0.047522907269157436	0.013453297919174044	2.9475	0.3321939073451785	1	0.35	0.04	0.06	11.78	0.6	0.66	9.61	15.55	0.96	0.48	705	13.5	37.17	86.5	0.01	-0.89	94.88	29.39	1.03	0.68	0.01	1.03	0.54
32	fg3_m12	1	1.76	1	2	7.3019504811309925	2.0050259599794003	0.5541768917761705	-0.7863379448003911	1.7495716202740703	0.19862354953865904	0.1017488162200028	2.6098	0.42517537912475056	6	4.36	0.03	0.05	11.68	0.67	0.65	16.74	35.51	0.96	0.48	1174	20.59	54.68	114.34	0.11	-1.46	103.19	26.67	0.63	0.34	0.11	0.63	-0.63
33	fg3_m12	1	1.81	1	2	7.259936393679905	2.4605942228143842	0.5846360591029056	-0.7988052313903707	1.6118114585581134	0.453960428508231	0.08230448975212762	1.8364	0.5669359826591847	13	26.17	0.07	0.09	36.14	0.6	0.69	13.17	23.14	2.88	0.77	1510	23.46	19.24	115.07	0.12	-1.09	148.91	40.73	0.66	0.11	0.12	0.66	2.03
34	fg3_m12	1	1.86	1	2	12.662387283890144	6.767682874665593	0.6190271397318292	-0.6664904306623989	2.2595920273042807	0.7194675556327191	0.12384629263951526	3.7718	0.7697737282254987	20	36.62	0.05	0.05	14.04	0.56	0.53	6.27	10.68	0.91	0.48	1097	15.22	3.94	79.17	0.14	-1.1	98.27	28.61	0.61	-0.39	0.14	0.61	0.12
36	fg3_m12	1	2.0	1	2	7.6695768321806685	3.641497364719743	0.6266023710472575	-0.6013823875118335	1.319390237352296	0.5981404033158018	0.15638177013535182	2.8987	0.87140723820501	31	67.82	0.4	0.17	9.73	0.65	0.79	49.62	37.63	2.57	0.64	908	45.56	84.2	16.89	-0.06	0.89	107.35	39.19	2.62	8.86	0.06	2.62	-0.56
37	fg3_m12	1	2.05	1	2	1.660908720483394	4.263045814609724	0.5846535541640218	-1.1400970947681612	2.8861804919375245	0.23324575555205165	0.033323170845078305	2.4313	0.3133549160003228	38	29.91	0.1	0.07	20.13	0.27	0.37	48.13	48.16	0.43	0.77	368	7.78	12.99	62.99	0.05	-0.77	192.66	42.73	0.2	-0.89	0.05	0.2	-0.77
38	fg3_m12	1	2.15	1	1	0.0	0.0	0.5922301256232528	-2.291529303679122	4.124414523000175	0.17348806183287832	0.0046526347040382905	2.7562	0.7059062062134387	45	61.59	0.54	0.06	11.8	0.13	-0.22	27.06	22.95	0.68	0.48	368	6.75	21.52	40.53	-0.32	-0.52	156.91	27.29	0.14	-0.3	0.32	0.14	1.04
39	fg3_m12	1	2.2	1	1	0.0	0.0	0.5820395860360743	-2.000356342636973	4.304870352986229	0.2145053122263651	0.0037254402986800117	3.0738	0.4155200721716213	51	24.21	0.28	0.05	10.9	0.14	0.17	44.27	36.85	1.09	0.77	368	7.55	3.43	34.29	-0.03	-0.3	154.14	28.58	0.59	-0.01	0.03	0.59	-0.81
40	fg3_m12	1	2.25	1	1	0.0	0.0	0.6292529632322741	-1.9942558901988896	4.656456358077172	0.2209047782384468	-0.002942126114358561	3.1719	0.6929493347568428	58	89.68	0.7	0.05	10.02	0.15	0.3	28.79	13.73	0.68	0.77	368	8.21	7.06	34.76	-0.2	-0.16	157.4	28.71	0.58	0.0	0.2	0.58	0.2
43	fg3_m12	1	2.54	1	1	0.0	0.0	0.6148260685910036	-2.278941490686391	4.728985323278409	0.14107199048627506	-0.0016274742026170506	3.341	0.2959040448615978	72	58.02	0.15	0.05	12.26	0.05	0.14	32.67	22.9	0.68	0.77	368	4.69	6.17	43.39	-0.02	-0.64	161.17	38.18	0.68	-0.38	0.02	0.68	-0.71
44	fg3_m12	1	2.59	1	1	0.0	0.0	0.6291708900948947	-2.424078989613601	4.827686226255829	0.08600378437895956	-0.005160747465571657	3.4024	0.29793639947836115	79	19.89	0.12	0.05	10.75	0.09	0.16	35.63	11.18	0.68	0.48	368	3.81	20.79	43.47	0.06	-0.75	162.95	38.8	0.67	-0.19	0.06	0.67	0.67
45	fg3_m12	0	2.79	1	1	0.0	0.0	0.6075953418631828	-2.319024424441817	4.676255088270716	0.10154461637887444	-0.002890712939362023	3.1898	0.2408462022908668	92	68.15	0.26	0.05	8.12	0.1	0.22	33.49	18.2	0.68	0.77	368	5.07	15.41	48.72	0.23	-0.73	162.33	36.23	0.58	-0.53	0.23	0.58	-0.38
48	fg3_m12	0	5.18	1	1	0.0	0.0	0.5774580045257096	-2.3413986643071465	4.006456044469926	-0.02474745546915309	-0.02743978207464004	2.9513	0.08329514236516226	109	12.76	0.05	0.05	11.99	0.27	0.26	15.48	19.77	0.86	0.48	368	8.06	8.57	58.62	-0.11	-1.06	160.49	30.86	0.68	-0.38	0.11	0.68	0.3
49	fg3_m12	0	5.57	1	1	0.0	0.0	0.602588324744152	-2.415845640992221	4.211162697701472	-0.037197155459121965	-0.025801607052651342	3.3441	0.1669152334129336	116	0.41	0.06	0.04	9.91	0.29	0.24	11.67	14.02	0.68	0.77	368	9.01	12.78	60.57	-0.06	-1.0	161.79	34.42	0.59	-0.59	0.06	0.59	-2.15
50	fg3_m12	0	6.06	1	1	0.0	0.0	0.5786086217713666	-2.3960769556520862	4.2665248502544015	-0.038146443263794384	-0.013168882296207066	3.2703	0.0690394942911607	121	1.94	0.03	0.02	10.38	0.45	0.66	4.39	9.91	0.96	0.48	1098	28.74	17.76	74.31	-0.01	-1.33	137.37	22.98	1.49	1.85	0.01	1.49	-1.09
51	fg3_m12	0	0.05	1	1	0.0	0.0	0.5968987531146827	-1.6234307501501062	3.350695164503024	0.010048531506099623	0.054886391295623366	0.5445	0.10416888006754774	127	8.08	0.05	0.08	13.04	0.87	0.85	2.98	1.7	0.68	0.48	913	23.5	0.68	109.56	-0.0	-1.42	53.68	18.24	-0.06	1.02	0.0	0.06	0.61
52	fg3_m12	0	0.1	1	1	0.0	0.0	0.5980753727624017	-1.5986211845208242	3.3666537597214066	0.008830517060063783	0.07091245041431443	0.5319	0.08308370818426229	133	5.94	0.06	0.09	11.07	0.88	0.85	4.26	2.4	0.68	0.48	895	22.9	6.23	113.89	0.01	-1.43	54.67	18.17	-0.06	0.53	0.01	0.06	-0.58
53	fg3_m12	0	0.2	1	1	0.0	0.0	0.5956134351048245	-1.5618488133480906	3.2743556114814782	-0.016355104322466268	0.07167570336276673	0.5176	0.1212942165771894	140	2.23	0.05	0.09	19.09	0.89	0.85	5.05	2.69	0.68	0.48	872	23.39	18.46	114.37	0.07	-1.31	53.77	20.84	0.19	1.23	0.07	0.19	0.72
56	fg3_m12	1	0.59	1	2	0.0	0.0	0.7069203845966634	-2.3365691694128654	3.3266514207465314	0.17334810104378282	0.028053654751711617	0.8328	0.6846765829822046	159	6.15	0.06	0.09	14.57	0.68	0.78	38.24	32.15	1.09	0.48	507	14.2	23.96	94.76	-0.09	-1.3	95.66	26.97	-0.01	-0.41	0.09	0.01	0.32
57	fg3_m12	1	0.98	1	1	0.0	0.0	0.5723510061232869	-2.2361292867792955	4.093884861291768	0.04816324836851822	0.030471550050490112	2.0601	0.23007568926209385	172	1.19	0.03	0.05	10.46	0.67	0.71	15.98	42.93	0.61	0.48	870	16.31	5.38	94.17	0.02	-1.23	83.99	20.94	0.46	1.17	0.02	0.46	-0.27
58	fg3_m12	1	1.17	1	1	0.0	0.0	0.6106689444873182	-2.2060637257841154	3.819007287191512	0.1002303913717138	0.006170519916883466	2.2314	0.2522893230446848	178	6.73	0.03	0.06	9.63	0.6	0.65	13.1	5.72	0.91	0.77	636	12.73	0.72	89.58	0.04	-1.0	94.8	24.68	0.62	0.71	0.04	0.62	0.14
59	fg3_m12	1	1.37	1	1	0.0	0.0	0.6224425221061975	-2.3613521309472443	4.210500181088647	0.0444356203656773	0.015002481826439238	2.495	0.30658054337805185	184	7.3	0.03	0.05	7.71	0.63	0.7	5.11	9.54	0.68	0.77	657	13.85	2.01	90.81	-0.14	-1.0	97.0	26.29	1.02	0.95	0.14	1.02	-0.64
60	fg3_m12	1	1.56	1	1	0.0	0.0	0.6204487296734962	-2.06795086050968	4.182141316452456	0.11849623727381148	0.00027259545990517654	2.7471	0.17687488979440755	191	1.1	0.03	0.06	11.23	0.59	0.66	8.86	6.14	0.96	0.48	659	12.39	26.7	89.53	0.05	-1.01	94.96	27.81	0.91	0.74	0.05	0.91	-0.35
61	fg3_m12	1	1.66	2	1	0.0	0.0	0.5969495489566513	-2.3782132376270484	4.167812742089389	0.05611761697934557	-0.0025026957519413483	3.4638	0.3971237531401659	2	3.27	0.03	0.06	19.53	0.57	0.52	9.06	14.42	1.09	0.48	368	10.65	23.28	81.78	-0.01	-1.05	106.7	29.16	0.62	-0.37	0.01	0.62	-0.47
62	fg3_m12	1	1.76	2	2	7.5800877823449895	3.3290475623611924	0.6091824715418195	-1.1656139502095157	4.26523975824911	0.35513659375133066	0.00022277647082647554	3.3093	0.7809563884078231	7	1.55	0.03	0.04	14.29	0.66	0.39	13.35	33.54	1.82	0.48	1134	17.14	35.88	97.88	-0.12	-1.19	96.0	30.09	1.43	3.24	0.12	1.43	-1.21
63	fg3_m12	1	1.81	2	2	5.830927639654693	3.713641701919553	0.5847712337567872	-1.1327860032379986	1.6274921088067391	0.6052582327944164	0.09240779600985874	3.1027	0.6993093737241314	14	0.73	0.04	0.05	24.48	0.6	0.34	15.51	26.25	1.21	0.48	1629	19.48	30.76	129.91	0.32	-1.18	136.39	35.78	0.42	0.16	0.32	0.42	-1.89
64	fg3_m12	1	1.86	2	2	11.022135144285311	5.567240719716257	0.6298231396235907	-0.9495160791805476	4.444576728050558	0.34568610520001297	-0.0015953247839845825	5.1375	0.6784979903480618	21	44.56	0.05	0.07	11.49	0.48	0.34	6.03	7.9	1.25	0.77	762	13.75	5.66	68.03	-0.09	-1.14	103.14	27.89	0.87	0.86	0.09	0.87	0.44
65	fg3_m12	1	1.91	2	2	12.861542885240851	4.807065059815347	0.6254379901475788	-0.8074955029637549	4.489677502300574	0.1308201731362476	-0.1767399089961602	2.6245	0.8299190628679256	26	11.16	0.06	0.05	11.27	0.36	0.39	9.82	17.74	0.86	0.48	704	11.56	15.12	61.31	-0.29	-1.22	107.32	29.47	0.46	-0.39	0.29	0.46	0.28
66	fg3_m12	1	2.0	2	2	8.121421502558679	5.408539427480616	0.6321483368635942	-0.7814530714152287	4.230520178505014	0.3222775137001162	0.001498243061846909	2.6173	0.5774739448490163	32	12.28	0.08	0.05	19.43	0.41	0.4	21.06	23.04	1.09	0.48	368	10.36	36.18	68.14	-0.14	-1.13	132.97	27.46	0.28	-0.39	0.14	0.28	-0.72
67	fg3_m12	1	2.05	2	2	1.4912630444619046	5.808714081344352	0.5860438855950741	-1.4849821787122617	2.9799658849770743	0.27291424772194056	0.020461186071625972	1.6648	0.3761940981609912	39	50.22	0.09	0.05	23.31	0.33	0.1	25.06	20.72	1.09	0.77	368	7.56	3.08	83.08	-0.66	-0.72	177.79	34.61	-0.05	-0.88	0.66	0.05	1.48
68	fg3_m12	1	2.15	2	1	0.0	0.0	0.5856504590718248	-2.1988805985402347	4.010520506877677	0.05985297320032351	-0.007819132156186022	2.1142	0.16666730933888968	46	7.43	0.07	0.02	13.13	0.23	0.19	12.43	13.91	0.96	0.48	368	9.08	2.62	46.83	-0.15	-1.01	154.53	24.47	-0.17	-0.57	0.15	0.17	-2.09
69	fg3_m12	1	2.2	2	1	0.0	0.0	0.5854679668409761	-1.9011164224435215	4.021249667738862	0.15560397668686507	0.0006416068145327621	2.3334	0.16061810498845744	52	2.73	0.05	0.03	11.66	0.26	0.18	5.96	5.7	0.68	0.77	368	9.39	9.94	51.26	0.06	-1.21	159.79	25.17	-0.14	-0.4	0.06	0.14	-3.04
70	fg3_m12	1	2.25	2	1	0.0	0.0	0.6227400353376291	-1.8342202976854345	4.496451625904059	0.20208160093612476	-0.001117962207248692	2.7151	0.6650878098140406	59	17.69	0.05	0.02	12.76	0.24	0.1	20.05	22.79	0.96	0.77	368	7.87	13.31	53.72	0.05	-0.96	164.68	26.43	0.09	-0.65	0.05	0.09	2.24
71	fg3_m12	1	2.35	2	1	0.0	0.0	0.6120090731421048	-2.248540865391235	4.728639234427037	0.14086584563039542	0.007183104609493769	3.1227	0.34270490437705786	64	22.91	0.05	0.04	8.5	0.16	0.08	10.13	11.82	1.09	0.48	368	5.93	6.15	51.99	-0.03	-1.01	165.7	36.93	0.61	-0.33	0.03	0.61	-1.24
72	fg3_m12	1	2.59	2	1	0.0	0.0	0.5504621473463173	-2.147669042943592	3.578513255896944	0.04784358627874335	-0.0019744128112869587	2.2446	0.22444596308001435	80	8.17	0.05	0.03	11.35	0.26	0.13	3.38	4.75	1.09	0.77	368	9.22	23.52	51.06	0.02	-0.96	154.24	26.56	0.12	-0.56	0.02	0.12	-0.13
73	fg3_m12	0	2.69	2	1	0.0	0.0	0.5830226367981499	-2.1166135165537034	3.61976908859173	0.05348492319000283	-0.0004708186780256365	2.0528	0.228010171835271	87	7.94	0.05	0.05	8.89	0.26	0.16	7.13	8.85	0.68	0.48	368	9.73	10.34	51.34	-0.05	-1.13	153.42	29.18	-0.08	-0.7	0.05	0.08	0.41
74	fg3_m12	0	2.79	2	1	0.0	0.0	0.5726483598919921	-2.086251951037167	3.755783039958153	0.04955520506395116	-0.009604540659364356	2.2529	0.1897984251165229	93	23.13	0.08	0.05	14.22	0.27	0.21	12.28	12.38	1.09	0.48	368	9.42	22.6	51.41	0.03	-1.05	152.91	29.19	0.1	-0.71	0.03	0.1	0.49
76	fg3_m12	0	4.6	2	1	0.0	0.0	0.5539127851552859	-2.3516211579908863	4.038184820457253	0.01051687581837781	0.008714403995350088	3.3047	0.1870684531472311	103	28.28	0.05	0.05	8.87	0.25	0.1	7.51	8.54	0.86	0.48	368	8.79	15.29	52.72	0.06	-1.1	157.9	35.11	0.79	-0.06	0.06	0.79	-1.58
77	fg3_m12	0	5.18	2	1	0.0	0.0	0.5739124351853161	-2.3911259620655	4.378938385735018	-0.017455303594202106	-0.006186293891935668	3.5378	0.11978191896384065	110	1.8	0.12	0.02	9.54	0.16	0.14	26.41	9.75	0.96	0.77	368	7.22	16.87	43.36	0.08	-0.83	151.32	24.49	0.33	-0.82	0.08	0.33	0.61
78	fg3_m12	0	5.57	2	1	0.0	0.0	0.5842664128144808	-2.4329845434711475	4.3907783430434915	-0.02610345140098395	-0.03558800429598945	3.7857	0.1568103921468994	117	12.56	0.06	0.08	12.53	0.2	0.13	8.57	6.38	1.09	0.48	368	7.65	19.31	42.76	0.15	-0.96	157.25	37.14	0.89	-0.22	0.15	0.89	0.89
79	fg3_m12	0	6.06	2	1	0.0	0.0	0.5868084540185561	-2.4743488324945857	4.316959333632358	-0.019874433207121702	-0.0633995451957127	3.6811	0.1395916141739358	122	12.13	0.06	0.04	12.23	0.21	0.09	5.83	7.59	0.68	0.48	368	7.9	26.59	44.27	-0.01	-1.0	156.35	30.47	0.74	-0.34	0.01	0.74	-1.17
80	fg3_m12	0	0.05	2	1	0.0	0.0	0.5837281119795056	-1.6616655865764962	3.2976985823111566	-0.028825033352633762	0.039639421380703005	0.5904	0.1102696390874125	128	1.15	0.04	0.07	11.12	0.81	0.83	6.57	5.85	0.68	0.77	1013	24.42	25.97	109.99	-0.01	-1.38	56.89	19.14	-0.21	0.55	0.01	0.21	0.14
81	fg3_m12	0	0.1	2	1	0.0	0.0	0.5697298565545031	-1.5510361930953769	3.1987266864817663	0.006803529278981314	0.023419729153497812	0.5879	0.15861773110641256	134	3.87	0.05	0.09	11.95	0.82	0.83	2.52	2.74	0.61	0.77	985	23.8	27.91	116.16	-0.02	-1.38	56.85	18.08	-0.16	0.6	0.02	0.16	-1.39
82	fg3_m12	0	0.2	2	1	0.0	0.0	0.5420517234078089	-1.5662624989423697	3.1288709603869598	-0.00834609634154633	0.031913607942371615	0.5477	0.15041208063650788	141	0.31	0.05	0.07	11.18	0.82	0.82	3.89	4.0	0.68	0.77	999	23.98	23.95	115.66	-0.01	-1.37	57.49	16.57	-0.11	0.94	0.01	0.11	0.97
83	fg3_m12	0	0.29	2	1	0.0	0.0	0.5374844531611377	-1.5304693939871359	3.110480795143181	0.016322178101655444	0.031979280917858684	0.5976	0.11572021906889035	148	1.99	0.04	0.08	12.91	0.82	0.81	4.11	3.91	0.61	0.77	1054	23.65	13.32	117.53	-0.0	-1.36	56.72	19.2	0.15	0.37	0.0	0.15	0.81
84	fg3_m12	1	0.39	2	2	5.049167687874693	1.4952713082200106	0.4829378025766637	-1.1880893669868977	2.420665620017927	0.4382019455687443	0.017432873644603025	0.6659999999999999	0.6729044891384197	154	15.53	0.04	0.08	15.82	0.83	0.67	3.59	9.8	2.59	0.77	1577	22.49	24.16	126.12	0.32	-0.78	65.3	24.06	0.41	0.57	0.32	0.41	-0.39
85	fg3_m12	1	0.59	2	1	0.0	0.0	0.6654582939805256	-1.8526005620555364	3.258003233484339	0.27270483186161404	0.02155335966111584	1.3425	0.8985705123054841	160	5.26	0.04	0.07	14.09	0.66	0.59	11.09	17.8	1.09	0.48	746	14.26	52.6	89.9	0.11	-0.96	87.51	24.59	0.15	-0.57	0.11	0.15	-0.68
86	fg3_m12	1	0.78	2	1	0.0	0.0	0.5841039007371196	-1.9265338495893225	4.206899105166629	0.21759149711051332	0.019391355471581904	2.3198	0.3001826066790007	167	3.81	0.03	0.05	20.42	0.52	0.67	7.27	7.34	0.86	0.48	368	9.12	18.97	81.54	-0.06	-0.98	105.16	21.21	0.32	-0.39	0.06	0.32	0.55
87	fg3_m12	1	0.98	2	2	6.32619212008914	8.75951377652574	0.6259771243697985	-2.161895410860305	3.967814940159154	0.14223902647380296	0.007603523678367756	2.3834	0.3786583357270779	173	2.95	0.03	0.05	14.97	0.59	0.5	3.38	9.32	1.09	0.48	751	12.27	13.54	87.33	0.06	-1.05	88.64	24.69	0.75	0.36	0.06	0.75	1.97
88	fg3_m12	1	1.17	2	1	0.0	0.0	0.5845334961504698	-2.485328556652628	4.5052280122490584	0.08553811988382656	0.004445377063549321	3.4143	0.16590440469941398	179	1.13	0.03	0.05	14.97	0.55	0.57	3.17	9.14	0.86	0.48	761	11.51	11.17	86.51	0.03	-1.01	91.78	25.91	1.13	1.07	0.03	1.13	-0.28
89	fg3_m12	1	1.37	2	1	0.0	0.0	0.6282444535008552	-2.31816123672257	3.892735839208024	0.08847929929192114	0.003158923738092436	2.8098	0.21671687673221768	185	5.03	0.03	0.04	7.14	0.56	0.38	2.47	3.85	0.96	0.77	368	10.56	5.99	81.14	0.09	-1.02	104.91	26.42	0.52	-0.19	0.09	0.52	1.46
90	fg3_m12	1	1.56	2	1	0.0	0.0	0.6053414349105494	-2.37771382310156	4.288406587387343	0.12648247190847187	0.0038845894819609897	3.3147	0.3419866341506528	192	3.23	0.02	0.05	11.39	0.57	0.49	9.9	22.23	0.68	0.48	761	11.53	12.41	84.9	-0.08	-1.12	87.43	29.11	1.23	1.25	0.08	1.23	0.39
91	fg3_m12	1	1.66	3	2	9.620873685493569	5.04614818680762	0.6513756512255882	-1.4943722177759575	4.7620457734231785	0.2279749480443664	0.009928889492452431	3.5951	0.6372614124084893	3	5.0	0.03	0.06	11.47	0.61	0.33	3.41	7.73	0.86	0.48	368	9.51	70.68	78.22	0.08	-1.1	110.67	33.51	0.67	-0.33	0.08	0.67	-0.51
92	fg3_m12	1	1.76	3	2	3.1225145894152617	5.7058453965520695	0.5887958633854097	-1.963175066519498	3.8557510099093113	0.2852105685200779	0.01156233970537046	3.8231	0.3553103382882751	8	13.61	0.04	0.1	17.86	0.67	0.46	16.44	22.39	1.52	0.21	746	13.2	90.96	86.28	0.11	-0.44	128.14	71.97	1.88	3.26	0.11	1.88	0.33
93	fg3_m12	1	1.81	3	2	3.9593486832502665	1.8895570117845304	0.5061267553125796	-0.9589844621269928	2.0556052809122387	0.4944572312171797	0.03862658970170608	0.5405	0.3750925836954109	15	54.28	0.1	0.16	64.78	0.63	0.22	5.77	14.33	1.63	0.48	1088	15.51	47.7	178.29	0.18	-1.19	166.32	56.71	0.35	-0.47	0.18	0.35	-0.9
94	fg3_m12	1	1.86	3	2	6.251343492246742	5.698492749048167	0.5732587237104114	-1.0684351067296285	2.5280164624149357	0.4160286798633999	0.03711054671569608	1.8507	0.5290337871914856	22	33.41	0.11	0.07	20.15	0.36	0.71	3.43	10.41	0.43	0.48	1987	24.24	27.62	87.19	-0.02	-1.12	115.2	30.36	0.24	0.23	0.02	0.24	1.46
95	fg3_m12	1	1.91	3	2	5.890550201358305	5.072709591230615	0.6221101900482647	-1.3767461884140575	3.509143799140895	0.34286639299761723	0.04961812837494475	2.2401	1.2116344081833252	27	30.92	0.08	0.08	16.12	0.44	0.55	21.69	30.26	0.86	0.48	726	14.65	3.25	67.94	-0.04	-1.11	113.89	29.04	0.82	0.33	0.04	0.82	1.04
96	fg3_m12	1	2.0	3	2	2.593872681382464	5.031297524744441	0.5946396897549886	-1.2383284172497535	2.5864677596380243	0.3360665249253581	0.06216504164356099	2.9921	0.4029462353265443	33	14.15	0.19	0.05	26.25	0.25	0.52	20.19	9.81	1.09	0.77	368	10.34	1.33	49.41	-0.56	-0.46	160.15	34.88	0.16	-0.96	0.56	0.16	-0.12
97	fg3_m12	1	2.05	3	1	0.0	0.0	0.6018837458076289	-2.163993109516117	3.4543350262951606	0.20407035661566614	-0.00019690235930012364	1.8326	0.25063881215459144	40	17.74	0.08	0.04	22.22	0.3	0.44	3.73	4.21	1.36	0.48	368	9.11	8.78	80.27	0.61	-0.54	184.79	43.02	-0.44	-0.69	0.61	0.44	-0.78
98	fg3_m12	1	2.15	3	1	0.0	0.0	0.6363699557243381	-2.2254165990518944	5.0767015100427	0.2517197159148598	-0.0010098359503478013	3.1039999999999996	0.8073884166122252	47	7.88	0.11	0.07	14.76	0.22	0.41	13.08	11.53	0.68	0.77	368	7.7	10.12	54.13	-0.18	-1.02	176.92	43.71	1.22	1.12	0.18	1.22	0.7
99	fg3_m12	1	2.2	3	1	0.0	0.0	0.6412732886108761	-2.1342331955591014	4.2409257456078455	0.19706891684005964	0.0023413743336760944	3.1898	0.5814059632260267	53	3.37	0.13	0.06	19.65	0.13	0.39	46.77	32.36	0.68	0.77	368	4.54	11.83	62.92	-0.34	-0.81	180.78	45.65	0.64	-0.29	0.34	0.64	-0.72
101	fg3_m12	1	2.54	3	1	0.0	0.0	0.5998103081043293	-2.3537809595652	4.475972703251017	0.09583230140722393	-0.0009565361755308801	3.0641	0.2272998285036455	74	12.5	0.07	0.06	15.55	0.26	0.5	19.68	27.01	0.86	0.77	368	8.81	5.42	61.2	-0.02	-0.47	168.18	31.76	0.6	-0.48	0.02	0.6	-0.21
102	fg3_m12	1	2.59	3	1	0.0	0.0	0.6031943170166679	-2.30256544402034	4.189015352311555	0.053410949951987766	0.002904098470533869	2.8487	0.2257271441971545	81	3.65	0.06	0.05	9.22	0.26	0.45	9.08	11.37	1.09	0.77	368	8.66	0.51	63.0	-0.04	-0.38	163.49	29.9	0.44	-0.58	0.04	0.44	-1.34
104	fg3_m12	0	2.79	3	1	0.0	0.0	0.5773443420765956	-2.1541426787933866	3.8651470042736857	0.012837382707922515	0.003039077907049623	2.0951	0.1606967153362678	94	2.8	0.05	0.04	15.54	0.29	0.47	7.63	12.72	0.86	0.88	762	11.36	20.5	72.28	0.05	-0.47	150.37	24.33	0.94	0.1	0.05	0.94	0.14
105	fg3_m12	0	3.62	3	1	0.0	0.0	0.5919946818764622	-2.226242642764172	3.742141834412844	-0.0013212926258271975	-0.004131131384093414	2.121	0.10053627130278946	99	12.37	0.06	0.03	10.41	0.3	0.48	8.22	8.68	0.86	0.48	368	10.56	13.78	68.2	-0.15	-0.55	162.7	22.71	0.3	-0.37	0.15	0.3	0.5
106	fg3_m12	0	4.6	3	1	0.0	0.0	0.5983289824915888	-2.3434467095783456	4.139409468731648	0.046257971639205926	-0.003909682970514511	2.7996	0.11342524550969738	104	0.23	0.06	0.06	11.52	0.29	0.52	23.1	19.43	0.68	0.48	368	10.12	4.67	66.85	-0.06	-0.46	166.55	28.67	0.82	-0.18	0.06	0.82	-0.9
107	fg3_m12	0	5.18	3	1	0.0	0.0	0.5923678392862379	-2.3453480008011107	3.9957821597441945	-0.027722950376937224	0.0001922973261781901	2.6935	0.13616858901618364	111	2.3	0.07	0.06	13.66	0.28	0.49	23.24	20.58	0.68	0.48	368	10.97	9.15	62.61	-0.18	-0.2	163.74	23.6	0.78	0.13	0.18	0.78	-0.13
108	fg3_m12	0	5.57	3	1	0.0	0.0	0.6073379055770508	-2.418262481688692	4.308782033304474	-0.045798583458211986	-0.003877525929675879	2.9115	0.2429563496649697	118	2.79	0.08	0.06	14.53	0.26	0.48	20.12	25.17	0.86	0.48	368	10.31	16.65	60.23	-0.03	-0.22	164.8	25.35	0.86	0.09	0.03	0.86	2.16
109	fg3_m12	0	6.06	3	1	0.0	0.0	0.6037147336592181	-2.4237795626952643	4.332314828385987	-0.0198515758081614	-0.004393962819247501	2.7412	0.2226116574711991	123	9.96	0.08	0.04	18.83	0.37	0.84	11.84	12.75	0.68	0.48	967	35.77	14.36	88.72	0.01	-1.14	148.61	20.96	1.74	2.83	0.01	1.74	1.31
111	fg3_m12	0	0.1	3	1	0.0	0.0	0.5091703636099318	-1.7453341739603254	2.6771751247949482	-0.033570108883930104	-0.0007983332256289397	0.8302	0.08237522414385383	135	4.13	0.03	0.07	8.93	0.75	0.29	6.02	15.85	1.25	0.48	1256	16.25	16.2	81.55	-0.04	-1.14	60.42	22.45	0.2	0.78	0.04	0.2	0.11
112	fg3_m12	0	0.2	3	1	0.0	0.0	0.4723219204318688	-1.7647560912518174	2.6649281542567653	0.001345200757648911	0.0050779054609361935	0.8627	0.05768296971502511	142	4.26	0.04	0.09	14.73	0.78	0.31	4.9	11.26	2.12	0.21	1256	15.54	22.07	79.64	-0.05	-1.14	60.54	25.4	0.54	1.48	0.05	0.54	0.32
113	fg3_m12	0	0.29	3	2	10.31456113889757	3.214252571314884	0.5587088919062395	-1.0312546178655098	1.4504532976218285	0.6175674324671944	0.040516755417198416	0.8343	0.7249640382364742	149	4.47	0.03	0.09	10.03	0.84	0.29	8.95	14.91	2.15	0.48	1256	16.45	11.86	79.38	-0.04	-1.15	62.54	26.74	0.24	0.39	0.04	0.24	1.1
114	fg3_m12	1	0.39	3	2	11.782053603597975	3.426730893904696	0.5924325362364541	-1.1699728020998468	3.076373634484102	0.24825516389935304	0.029928650669349462	0.7957	0.38791846378440176	155	14.22	0.03	0.1	8.94	0.92	0.41	24.83	54.21	2.59	0.77	1858	20.17	32.99	76.41	0.06	-1.02	64.22	34.13	0.79	0.31	0.06	0.79	-0.42
115	fg3_m12	1	0.59	3	2	15.792056685597098	3.107134119580988	0.6477375527071421	-2.191558995060329	3.9689443801710755	0.14120923648770153	0.029405889565099763	1.3809	0.3449330811004821	161	6.03	0.05	0.06	13.4	0.66	0.51	3.92	11.38	1.09	0.48	749	13.69	61.48	81.29	-0.09	-1.17	81.06	30.11	0.44	-0.59	0.09	0.44	1.09
116	fg3_m12	1	0.78	3	2	0.11052714598685616	0.27928010558751426	0.6707683003565091	-2.4482108984509963	4.3160304903338425	0.17403509630277814	0.0013030422938484375	1.3507	0.3319108521386533	168	13.14	0.04	0.05	11.85	0.47	0.39	6.34	9.83	0.86	0.48	368	8.8	26.72	73.68	-0.11	-1.14	107.48	31.03	0.88	0.34	0.11	0.88	-1.56
117	fg3_m12	1	0.98	3	1	0.0	0.0	0.6121386984898562	-2.311046224246581	4.421818704111853	0.11681386475581147	0.009083256384826249	3.3012	0.2784067854873103	174	11.03	0.03	0.08	13.9	0.47	0.33	2.44	4.09	0.86	0.48	368	8.49	12.91	75.94	-0.05	-1.08	104.87	26.53	0.75	0.08	0.05	0.75	-1.03
119	fg3_m12	1	1.37	3	1	0.0	0.0	0.5666011622166	-2.3847644483788017	4.699906283133331	0.13186188436735455	0.0016825353609802936	3.9339	0.5850467303123789	186	8.9	0.03	0.08	11.41	0.48	0.36	2.77	5.39	0.86	0.48	368	9.41	19.3	70.55	-0.07	-1.02	106.96	30.31	0.52	-0.52	0.07	0.52	-1.4
120	fg3_m12	1	1.56	3	2	14.232221755970215	5.285912867688347	0.6218626792455699	-2.6215179647848674	4.810273394685487	0.11387210569124576	0.0061699132958214845	4.3299	0.34382913200098664	193	2.43	0.04	0.07	10.77	0.55	0.4	2.8	4.28	0.68	0.48	368	10.56	33.83	72.15	-0.06	-1.12	110.11	35.72	0.84	-0.1	0.06	0.84	0.53
121	fg3_m12	1	1.76	4	2	7.956460905383066	3.2439936841789496	0.5757060933474176	-1.3241216445292234	1.6168083442067391	0.6057321519209274	0.11769675300353083	4.1456	0.5482339931653304	9	39.93	0.06	0.06	7.1	0.44	0.21	9.4	15.07	1.36	0.48	1233	16.6	45.39	37.91	-0.0	-1.29	77.15	24.41	0.82	0.07	0.0	0.82	-1.0
122	fg3_m12	1	1.81	4	2	7.601692154784442	5.851133403985262	0.6115752148373851	-1.2218867293999631	4.349010759382772	0.4261780195411415	0.025133551710128186	4.2194	0.6532876881254395	16	59.77	0.46	0.08	16.45	0.36	0.14	46.74	59.95	3.94	0.64	1658	18.79	31.59	34.52	-0.75	0.58	100.36	45.1	1.09	0.46	0.75	1.09	-0.16
123	fg3_m12	1	1.86	4	2	0.7213828389127229	0.3629443165084715	0.6261886921540666	-1.0901619852687212	4.929965648288938	0.2658097435446445	0.044593755045264784	0.7597	0.6303748411186264	23	53.02	0.09	0.03	6.84	0.16	0.34	16.99	14.45	0.96	0.77	368	7.05	0.91	20.39	0.07	-0.87	104.35	17.9	0.18	-0.75	0.07	0.18	1.72
124	fg3_m12	1	1.91	4	2	14.470575785643652	5.110224737964452	0.6591009199453852	-0.8997806199036721	4.041991900704174	0.1566150275042496	0.006907924622258141	3.3743	0.6690017394460062	28	48.27	0.11	0.05	8.69	0.14	0.37	23.59	10.99	0.86	0.48	368	8.76	6.86	21.59	-0.08	-0.54	113.5	23.42	0.36	-0.38	0.08	0.36	-0.47
125	fg3_m12	1	2.0	4	2	7.909948569716227	5.311289818550126	0.6283032265281974	-0.8092099017785416	5.065988958044311	0.3938512042083288	0.07928723917792985	3.5346	0.4506904482081488	34	59.72	0.62	0.06	8.57	0.14	-0.3	30.3	21.66	0.68	0.48	368	7.82	15.96	14.03	0.21	0.07	114.88	24.55	0.58	-0.16	0.21	0.58	2.25
126	fg3_m12	1	2.05	4	2	1.448937860507179	7.566934940893107	0.5720197580718756	-1.4856979859554829	3.0984024072491243	0.4101465356425133	0.013262491505705038	2.6607	0.3919564495361936	41	25.5	0.11	0.07	15.95	0.21	0.35	54.23	28.51	0.68	1.16	368	6.76	0.42	45.41	0.48	-0.71	159.24	36.14	0.01	-0.5	0.48	0.01	-1.6
127	fg3_m12	1	2.15	4	1	0.0	0.0	0.5863998433039842	-2.237379883952527	4.010973425303359	0.14592007898254294	-0.006222226964625789	2.4083	0.6172040040187639	48	44.26	0.08	0.02	8.78	0.16	0.21	34.86	13.44	0.68	0.77	368	8.02	0.66	31.98	0.1	-0.84	152.52	28.14	0.05	-0.31	0.1	0.05	-0.18
128	fg3_m12	1	2.2	4	1	0.0	0.0	0.5752473215034548	-1.8787475982673991	3.996765291576599	0.2458704872263797	0.0013628345522190065	2.6612	0.4326980024461893	54	86.24	0.12	0.04	10.62	0.15	-0.26	28.89	28.73	1.09	0.48	368	8.83	8.27	28.42	0.02	-0.83	146.61	28.86	0.32	-0.52	0.02	0.32	-1.05
129	fg3_m12	1	2.25	4	1	0.0	0.0	0.6121028817853872	-1.828068585307546	4.163185612309014	0.2692588967621256	-0.014790877729218091	2.4211	0.8030119765988146	60	3.52	0.09	0.04	7.3	0.15	0.19	41.38	27.2	0.86	0.77	368	9.96	6.98	24.16	0.01	-0.81	144.21	27.3	0.28	-0.34	0.01	0.28	-1.32
130	fg3_m12	1	2.35	4	1	0.0	0.0	0.5525906370070985	-1.8531042687761536	3.6697809226078086	0.1502618888145372	-0.0017116694863059591	2.0606	0.3654690735776344	66	1.45	0.07	0.03	7.7	0.18	0.22	10.84	9.41	0.86	0.48	368	10.21	17.04	28.14	-0.02	-0.69	143.32	24.12	0.04	-0.55	0.02	0.04	-0.53
131	fg3_m12	1	2.54	4	1	0.0	0.0	0.596143539815312	-2.180822862167628	3.7497558242970688	0.10230782889059556	0.008220742729230648	2.1962	0.18211667313394772	75	8.95	0.06	0.02	8.01	0.18	0.15	7.77	8.63	0.68	0.77	368	9.47	11.64	31.76	0.15	-0.77	145.27	25.49	0.11	-0.45	0.15	0.11	1.47
132	fg3_m12	1	2.59	4	1	0.0	0.0	0.5371899443366528	-2.1128871776374742	3.570540332449529	0.04413070165726984	-0.0022563840630878892	2.1445	0.17515309399349432	82	21.27	0.05	0.04	6.89	0.21	0.13	7.46	6.73	0.96	0.77	368	9.54	21.95	32.9	0.17	-0.88	144.29	25.15	0.06	-0.54	0.17	0.06	-0.1
133	fg3_m12	0	2.69	4	1	0.0	0.0	0.553427217465812	-2.0700437623113883	3.5712408179616952	0.05066306471341779	-0.006252030076470205	2.0482	0.12204501030206645	88	15.18	0.07	0.03	7.59	0.2	0.09	5.2	5.24	0.68	0.77	368	9.23	23.89	33.74	0.16	-1.04	143.11	25.64	0.08	-0.44	0.16	0.08	-1.39
134	fg3_m12	0	2.79	4	1	0.0	0.0	0.5715345240607931	-2.0311042126316994	3.628845874218871	0.07263738988030488	0.0013950779397986046	2.1102	0.2975411746286064	95	35.64	0.07	0.03	8.71	0.2	0.06	16.39	10.68	1.09	0.48	368	9.52	22.6	32.54	-0.1	-1.12	143.43	25.0	0.42	-0.47	0.1	0.42	0.63
136	fg3_m12	0	4.6	4	1	0.0	0.0	0.5924338209383825	-2.469198197561792	4.325251253160049	-0.011269519249529259	-0.01028412741649372	3.6044	0.16341425924896102	105	59.71	0.09	0.05	8.85	0.16	-0.1	9.98	7.3	0.86	0.77	368	7.66	15.06	32.48	0.05	-1.08	151.89	37.29	1.03	0.1	0.05	1.03	1.53
137	fg3_m12	0	5.18	4	1	0.0	0.0	0.5804946242465913	-2.4709173377095843	4.369612268614282	0.0004692464273116378	-0.014523258925202209	3.7944	0.17496358557165362	112	84.14	0.08	0.04	7.67	0.17	-0.05	16.02	4.38	0.86	0.77	368	7.66	19.18	34.48	0.09	-1.01	152.74	36.24	0.88	-0.13	0.09	0.88	-0.48
140	fg3_m12	0	0.05	4	1	0.0	0.0	0.4989058338766613	-1.7916570618148215	2.770722011402362	-0.036418242479993465	-0.006570026235813782	0.9206	0.0727999313457943	129	2.38	0.03	0.08	8.98	0.8	0.21	8.47	22.47	0.43	0.48	1256	15.14	0.24	70.27	-0.04	-1.13	62.27	22.49	0.33	0.77	0.04	0.33	-0.7
141	fg3_m12	0	0.1	4	1	0.0	0.0	0.5098882189658912	-1.735221779341638	2.6686909836138644	-0.02522738887846537	-0.0007902581600295974	0.8462	0.0859635290713251	136	3.52	0.03	0.1	8.7	0.82	0.21	1.78	6.94	0.61	0.48	1256	15.24	6.46	71.85	0.01	-1.2	61.6	24.92	0.15	0.32	0.01	0.15	-1.08
142	fg3_m12	0	0.2	4	1	0.0	0.0	0.4836521574781282	-1.7746989311856454	2.66478313873784	0.0007502536538735874	0.005146923377884295	0.9163	0.06346522236853283	143	0.81	0.03	0.09	8.6	0.85	0.23	2.61	8.62	0.3	0.48	764	14.14	2.77	63.75	-0.05	-1.18	65.23	24.56	-0.13	0.09	0.05	0.13	0.92
143	fg3_m12	0	0.29	4	1	0.0	0.0	0.5262759429445739	-1.7725272926637337	2.714456935739087	0.005448942160737758	0.009351561519050908	0.843	0.07648842003750332	150	3.2	0.04	0.1	8.33	0.87	0.18	2.54	7.2	0.43	0.48	764	14.66	3.8	62.26	-0.03	-1.14	67.77	24.25	0.04	0.19	0.03	0.04	-1.67
144	fg3_m12	1	0.39	4	2	10.346019495022679	3.6546012632215215	0.5576408090782453	-1.0962087356535721	3.2162642108999457	0.29782786283122353	0.034261587080850524	0.845	0.4841954064592987	156	34.26	0.03	0.1	10.05	0.83	0.21	3.22	9.76	0.43	0.48	1876	20.42	20.64	82.07	0.05	-1.37	64.29	25.76	0.42	0.15	0.05	0.42	-0.09
145	fg3_m12	1	0.59	4	2	10.2325089456893	8.712845239152731	0.5538754856718305	-1.7639587008728494	3.171571316766641	0.18348777022732532	0.025465785165344285	1.3531	0.6796852517591857	162	80.09	0.07	0.06	12.83	0.55	0.28	36.26	36.42	0.68	0.64	368	11.01	19.11	61.28	-0.15	-1.19	90.72	23.87	0.45	-0.07	0.15	0.45	0.58
147	fg3_m12	1	0.98	4	1	0.0	0.0	0.6363583574521087	-2.5666126720677083	4.574374016331379	0.11021918255387668	0.0028169595940716703	4.032	0.27854055435748315	175	36.03	0.04	0.04	5.76	0.33	0.24	16.89	15.87	0.68	0.77	368	8.09	8.18	43.41	0.04	-1.09	92.95	24.18	0.47	-0.22	0.04	0.47	0.19
148	fg3_m12	1	1.17	4	1	0.0	0.0	0.5683984046432204	-1.7104884663586941	3.000498498775736	0.10309536424174358	0.0	4.1974	0.0	180	35.38	0.03	0.05	5.34	0.14	0.07	10.83	6.81	0.96	0.77	368	4.81	2.0	39.59	-0.02	-1.05	95.86	24.33	0.33	-0.67	0.02	0.33	-0.8
149	fg3_m12	1	1.37	4	1	0.0	0.0	0.5837842964026141	-2.4214868218434225	4.919186856763731	0.1097799717786974	0.003138249970866438	3.8729	0.32393402604735805	187	24.33	0.05	0.05	5.49	0.21	0.26	18.64	5.82	0.68	0.77	368	6.39	8.56	39.0	-0.16	-1.03	95.7	25.65	0.3	-0.79	0.16	0.3	1.62
150	fg3_m12	1	1.56	4	1	0.0	0.0	0.595295002170825	-2.2134359699199826	5.047975737535893	0.14786988141305654	0.011420812650040768	4.4803	0.3719707978491593	194	15.98	0.05	0.05	6.85	0.18	-0.1	33.35	43.4	0.68	0.48	368	5.26	18.52	34.73	-0.11	-0.96	90.94	19.84	0.15	-0.87	0.11	0.15	-0.11
151	fg3_m12	1	1.66	5	1	0.0	0.0	0.5737390052441068	-2.2352889084892773	3.8418312672261874	0.030398418353715574	-0.002379115191594338	2.0729	0.11850684894184255	4	0.22	0.03	0.03	8.45	0.61	0.69	16.63	27.46	0.68	0.77	674	13.44	8.14	90.33	-0.04	-1.06	92.8	22.74	0.91	0.42	0.04	0.91	0.71
152	fg3_m12	1	1.76	5	2	8.109845302350461	1.585185167467295	0.5786440522049949	-0.7654825870085732	1.7104020841861227	0.3837652335083998	0.099030684073784	1.8112	0.6284666527193671	10	76.02	0.22	0.12	31.5	0.54	0.87	88.61	92.29	1.55	1.07	1295	21.64	8.26	110.77	0.49	-0.89	130.6	56.04	0.92	0.31	0.49	0.92	1.91
153	fg3_m12	1	1.81	5	2	7.108953974351264	0.8047111149594061	0.5162542310408268	-0.8589162537296622	1.6183371007467446	0.4397677638040077	0.049063084859928115	0.8476	0.5286842503082757	17	43.96	0.23	0.13	26.33	0.67	0.32	22.18	29.96	2.37	0.21	1119	21.28	130.05	54.5	0.29	-0.82	138.55	34.73	-0.41	-0.31	0.29	0.41	-1.82
156	fg3_m12	1	2.0	5	2	8.388168878926386	3.658642710783546	0.5795883479226579	-0.6657447217250564	1.824872617589378	0.5114511455810254	0.0451738904808832	1.1485	0.6669201879114632	35	48.6	0.17	0.07	14.06	0.5	0.88	44.06	26.97	3.99	0.77	886	118.35	69.21	80.32	0.16	-1.42	132.59	31.1	0.69	0.19	0.16	0.69	-0.96
157	fg3_m12	1	2.05	5	2	1.46769328501867	5.282506012078695	0.5953079015747271	-1.812482086235731	3.518084802223413	0.047472637977463934	-0.006993147346273218	1.7655	0.1947401153811074	42	6.87	0.14	0.06	39.88	0.35	0.6	27.1	17.49	0.86	0.21	736	11.58	22.28	88.12	-0.59	-0.47	160.9	30.87	0.45	-0.22	0.59	0.45	2.3
158	fg3_m12	1	2.15	5	1	0.0	0.0	0.6097904586151861	-1.9523147209741647	3.811243527091978	0.12339695635412325	-0.0028665414095482267	1.7857	0.4176976552730836	49	2.46	0.06	0.02	15.5	0.28	0.51	34.69	41.45	0.96	0.48	761	11.6	10.89	60.64	0.54	-0.11	146.02	26.18	0.09	-0.38	0.54	0.09	-0.91
159	fg3_m12	1	2.2	5	1	0.0	0.0	0.5652179208591736	-1.9854161117893647	3.687622676058628	0.11831891436617857	0.006051890776948924	1.9608	0.3272542414737948	55	1.62	0.06	0.03	16.29	0.27	0.51	21.93	31.66	0.96	0.48	763	12.25	2.05	57.27	0.41	-0.14	145.12	26.75	0.28	-0.61	0.41	0.28	0.27
160	fg3_m12	1	2.25	5	1	0.0	0.0	0.5592829295138425	-2.0317347754367434	3.779776839918338	0.15149112254226765	0.0012079454393144967	2.0459	0.3924869581346801	61	10.07	0.05	0.02	18.45	0.3	0.54	23.75	37.13	0.96	0.48	762	12.79	3.37	60.37	0.45	-0.36	148.98	26.33	0.49	-0.55	0.45	0.49	-1.23
161	fg3_m12	1	2.54	5	1	0.0	0.0	0.5824665341560986	-2.2693715027799866	4.026276346796587	0.09465377638121772	-0.00198810942412684	2.7011	0.21879784032232547	76	13.71	0.05	0.05	14.4	0.31	0.51	9.7	14.45	0.86	0.77	368	10.69	9.69	62.77	-0.03	-0.79	165.32	31.52	0.44	-0.42	0.03	0.44	1.46
162	fg3_m12	1	2.59	5	1	0.0	0.0	0.5962178532767535	-2.284873392552108	4.333975425908506	0.07533513618784389	0.002918759853906696	3.0241	0.2867093737351288	83	10.78	0.06	0.03	9.78	0.27	0.45	4.77	6.79	0.86	0.77	368	7.79	14.6	67.86	-0.03	-0.79	166.77	33.82	0.53	-0.48	0.03	0.53	0.94
163	fg3_m12	0	2.69	5	1	0.0	0.0	0.599683165475092	-2.2890790304121134	4.501731271026702	0.07943567765113818	-0.002961326175480473	3.1469	0.145508598471821	89	28.7	0.07	0.05	19.58	0.19	0.51	26.32	29.01	0.86	0.48	368	6.35	19.76	67.9	-0.09	-0.57	167.94	35.69	0.52	-0.41	0.09	0.52	1.91
164	fg3_m12	0	3.62	5	1	0.0	0.0	0.6010167148193764	-2.1982021050860947	3.6878781466231727	-0.028700819793097732	-0.005295714407205243	2.005	0.09095076884064424	100	4.55	0.04	0.03	22.16	0.38	0.45	2.81	4.79	0.68	0.48	368	11.1	21.95	75.16	0.04	-0.75	161.7	26.93	0.31	-0.94	0.04	0.31	1.14
165	fg3_m12	0	4.6	5	1	0.0	0.0	0.6039404772425135	-2.4298483869485734	4.415599727334984	0.035637720131801345	-0.0026629159813411018	2.9943	0.09306471398913678	106	28.36	0.04	0.05	22.42	0.29	0.48	6.55	9.31	1.09	0.48	368	8.28	30.63	69.26	0.09	-0.53	167.58	33.18	0.74	-0.37	0.09	0.74	1.32
166	fg3_m12	0	5.18	5	1	0.0	0.0	0.5921150848122448	-2.452163575493838	4.397135430577436	-0.002342986006259557	-0.009098427512907898	2.9283	0.1082313669824946	113	9.0	0.05	0.05	20.8	0.32	0.44	10.79	13.27	1.09	0.48	368	8.96	26.92	68.56	0.04	-0.72	166.94	34.85	0.68	-0.47	0.04	0.68	-2.34
168	fg3_m12	0	6.06	5	1	0.0	0.0	0.6177327761778271	-2.468732945318421	4.4337732053407475	-0.02977769341360827	-0.008097387429563155	2.9569	0.1215464043357557	124	6.46	0.05	0.06	19.02	0.31	0.48	43.93	61.13	1.09	0.48	368	9.34	14.2	67.35	-0.07	-0.47	165.1	29.0	0.68	-0.36	0.07	0.68	-1.24
169	fg3_m12	0	0.05	5	1	0.0	0.0	0.4817133809198772	-1.7597106464394603	2.7737262901146997	-0.03695393963092719	-0.0026730641478873943	0.8937	0.05586989662377817	130	0.57	0.02	0.06	12.27	0.72	0.41	3.06	7.61	0.91	0.48	1256	16.68	23.5	85.79	-0.03	-1.1	59.57	20.7	0.15	0.22	0.03	0.15	-2.34
170	fg3_m12	0	0.1	5	1	0.0	0.0	0.4998610688910389	-1.7319570002515423	2.677020049499593	-0.03924190465876328	-0.001994080265378503	0.8043	0.07060695993101884	137	1.74	0.02	0.06	12.53	0.73	0.4	2.71	7.04	0.61	0.48	1256	16.85	22.72	88.78	-0.02	-1.1	58.71	22.09	0.22	0.11	0.02	0.22	0.28
171	fg3_m12	0	0.2	5	1	0.0	0.0	0.4732941205346424	-1.7445780383740657	2.6506217953729023	-0.02165294464900302	0.0018912437139171692	0.8585	0.0489881497259372	144	1.54	0.03	0.07	11.97	0.74	0.42	1.67	8.3	0.91	0.48	1256	17.25	25.56	86.41	-0.06	-1.14	56.63	22.34	0.1	0.04	0.06	0.1	0.79
172	fg3_m12	0	0.29	5	1	0.0	0.0	0.4986902370763418	-1.6969284851767164	2.701376844029648	-0.026581859565065556	0.005623781113137129	0.8242	0.08043376672161745	151	1.07	0.03	0.07	12.29	0.71	0.41	4.19	13.52	0.68	0.48	1256	16.19	13.78	89.29	-0.04	-1.09	57.56	23.19	-0.23	0.07	0.04	0.23	-1.22
173	fg3_m12	1	0.39	5	2	7.921254438885031	2.6907912081131893	0.488929603722844	-1.0796357271414438	1.790019951371204	0.6580066968986283	0.031510408816282656	0.7827	0.7237721409742706	157	12.58	0.03	0.07	12.25	0.79	0.32	13.49	39.53	1.63	0.88	2449	21.42	48.63	121.28	-0.1	-1.35	61.38	23.42	0.31	0.31	0.1	0.31	-2.57
174	fg3_m12	1	0.59	5	1	0.0	0.0	0.7201658860702623	-1.7531134366055308	2.9596386832187838	0.2253195239903271	0.02447047534670311	1.2192	0.36959783431275456	163	10.14	0.05	0.05	19.29	0.62	0.43	7.27	11.38	0.61	0.48	764	11.59	58.4	83.43	0.33	-0.77	90.26	26.64	0.06	-0.68	0.33	0.06	-0.47
175	fg3_m12	1	0.78	5	1	0.0	0.0	0.5916723273528021	-2.1763501364783977	4.3111639935178845	0.16395928713731672	0.019622405804885574	2.705	0.3629123254639727	169	4.84	0.03	0.06	15.55	0.57	0.58	4.09	12.68	0.3	0.48	756	11.55	26.99	85.24	0.06	-1.02	94.94	26.01	0.44	0.14	0.06	0.44	0.51
176	fg3_m12	1	0.98	5	1	0.0	0.0	0.6039057674341799	-2.2605589831847617	3.89495315074543	0.10223622578085316	0.006321483579281404	2.7417	0.2592427045016606	176	0.87	0.03	0.07	9.12	0.58	0.6	17.7	29.56	0.61	0.77	742	12.6	16.72	82.35	0.09	-0.93	90.73	23.69	0.85	0.42	0.09	0.85	-2.04
177	fg3_m12	1	1.17	5	1	0.0	0.0	0.5441783132846495	-2.3781032642372626	4.156764302724265	0.07682915077910991	0.001967568912359344	2.8281	0.3523580262773681	181	3.45	0.04	0.07	15.66	0.58	0.58	23.26	37.39	1.09	0.48	730	12.94	0.98	83.43	-0.09	-0.99	91.12	25.43	0.92	0.62	0.09	0.92	0.4
178	fg3_m12	1	1.37	5	1	0.0	0.0	0.6307799342792287	-2.3544823371984114	3.9663294680466468	0.0836004245988843	0.004249313728359644	2.6566	0.2963564398160084	188	1.96	0.03	0.08	19.08	0.55	0.6	10.44	14.19	0.68	0.48	368	10.76	13.32	78.51	-0.03	-0.96	107.26	28.16	0.69	0.01	0.03	0.69	0.23
179	fg3_m12	1	1.56	5	1	0.0	0.0	0.6012598093832632	-2.172328566855946	3.73833698881332	0.10808040715164356	0.005199480269973701	2.3043	0.15202173797828009	195	5.22	0.02	0.03	6.92	0.58	0.66	15.06	23.18	0.68	0.77	700	13.61	6.03	84.26	-0.04	-1.0	90.78	22.42	1.04	0.87	0.04	1.04	0.63
180	fg3_m12	1	1.76	6	2	4.203803011989404	1.7681536423438142	0.5793086112610849	-1.1327185924372103	2.1429305026824985	0.5046736974803377	0.06492217051215846	1.6197	0.7271801198718286	11	22.45	0.38	0.19	53.86	0.78	0.4	22.61	46.8	1.72	0.77	1092	15.72	164.57	126.93	-0.69	-0.33	128.8	65.6	1.19	1.06	0.69	1.19	-1.11
181	fg3_m12	1	1.81	6	2	3.770173538740927	1.227100124016802	0.5679115074705108	-1.189722350159896	2.4560513786976794	0.5772908632613143	0.037654951862077526	1.0167	0.7907658479026299	18	42.62	0.08	0.08	50.54	0.6	0.48	14.32	21.96	1.52	0.48	1068	16.02	32.82	187.17	0.03	-1.2	178.39	58.86	0.74	1.21	0.03	0.74	0.36
182	fg3_m12	1	1.86	6	2	6.4933090004036	2.828264354435317	0.5766310246603451	-1.0008418463884798	3.026945565388784	0.5163532864189083	0.021474026473636127	2.1199	0.7005649240020706	24	15.77	0.08	0.08	15.86	0.56	0.33	8.54	13.15	3.54	0.48	1369	20.26	57.75	113.58	0.49	-0.88	124.89	48.6	1.3	0.91	0.49	1.3	0.38
183	fg3_m12	1	1.91	6	2	7.7269357250393345	2.7717879347175725	0.6409857595429599	-1.0320542740959433	3.4384088358430542	0.4366962015428387	-0.04617841745365908	1.7501	0.7642612447665358	29	3.58	0.07	0.06	7.49	0.36	0.15	11.44	13.18	0.86	0.48	360	9.91	2.83	39.22	0.17	-1.31	90.48	19.93	0.63	0.45	0.17	0.63	0.64
184	fg3_m12	1	2.0	6	2	5.2946238991651935	2.486108051098812	0.5779251307549365	-0.7342327115927355	1.7136044814624196	0.6577961407802526	0.09330068159933033	1.1698	0.6891085009753269	36	29.24	0.11	0.07	18.55	0.71	0.52	12.5	12.91	1.82	0.77	716	16.05	108.96	43.79	0.23	-0.05	120.08	29.84	0.15	-0.26	0.23	0.15	0.02
185	fg3_m12	1	2.05	6	1	0.0	0.0	0.5745616970383024	-1.4595738390549657	2.9983885646609734	0.20246542738333734	0.013841287263149298	0.9598	0.3835936638304353	43	4.67	0.16	0.05	33.25	0.34	0.49	26.02	28.22	0.91	0.21	705	13.47	25.46	87.23	0.6	-0.83	168.21	28.23	0.59	-0.01	0.6	0.59	1.75
186	fg3_m12	1	2.15	6	1	0.0	0.0	0.6109994403051445	-2.151833618280667	4.896097102185398	0.1904928574991688	-0.012972792562939256	3.2935	0.6305114230215292	50	16.39	0.09	0.07	13.25	0.22	0.48	27.66	23.37	0.68	0.48	368	8.11	12.9	57.33	0.02	-0.16	162.27	34.38	0.86	0.55	0.02	0.86	0.1
187	fg3_m12	1	2.2	6	1	0.0	0.0	0.612448103076109	-2.015643989094232	4.8220724922373694	0.18343045039520406	7.718113623806039e-06	3.5721	0.4360903719690747	56	2.47	0.1	0.05	13.34	0.24	0.47	22.23	16.9	0.68	0.48	368	8.93	10.69	54.4	-0.39	-0.1	163.73	35.23	0.76	-0.17	0.39	0.76	1.34
188	fg3_m12	1	2.25	6	1	0.0	0.0	0.6046059695053255	-1.7406090073927047	4.693920491426193	0.1829849293421373	-0.005753114664664644	3.785	0.4701598195317654	62	20.52	0.18	0.06	27.03	0.32	0.55	53.0	59.5	0.68	0.21	760	12.21	26.26	52.3	0.03	-0.34	149.55	25.54	0.58	-0.22	0.03	0.58	1.2
189	fg3_m12	1	2.35	6	1	0.0	0.0	0.6167109439036218	-2.4874594457507397	4.688038544569928	0.110838330746336	0.006544577577224717	3.2609	0.2936550351166484	68	0.64	0.07	0.03	10.34	0.19	0.53	41.5	32.89	0.68	0.48	368	7.61	9.76	51.13	-0.39	0.23	161.32	24.06	0.07	-0.73	0.39	0.07	1.42
190	fg3_m12	1	2.54	6	1	0.0	0.0	0.5629149385208004	-2.099412998484933	3.6668211381443583	0.026949821902524103	0.0013021516849789467	1.7105	0.19100289490647665	77	6.22	0.04	0.02	9.47	0.26	0.51	8.41	13.04	0.86	0.48	764	12.07	6.46	58.84	0.25	-0.39	143.7	18.99	-0.04	-0.45	0.25	0.04	-0.35
191	fg3_m12	1	2.59	6	1	0.0	0.0	0.5741053602132987	-2.0782972545906437	3.6610891743948577	0.04774957372880826	-0.0013559223182475662	1.9473	0.21007211276531013	84	6.81	0.04	0.02	8.34	0.25	0.5	13.8	20.93	1.09	0.77	761	11.99	12.22	60.83	0.03	-0.17	143.15	18.81	0.08	-0.3	0.03	0.08	1.6
192	fg3_m12	0	2.69	6	1	0.0	0.0	0.5619922681162852	-2.03716436170161	3.515504361870852	-0.04009783558267367	0.001359727357632809	1.4914	0.2196335397925952	90	7.36	0.05	0.03	12.13	0.26	0.59	11.55	16.11	0.68	0.77	757	14.24	11.96	57.04	-0.08	-0.22	142.64	17.37	0.42	-0.29	0.08	0.42	-0.93
193	fg3_m12	0	2.79	6	1	0.0	0.0	0.5703683180398353	-2.1345282379664248	3.6194728233827593	-0.02295512103339326	0.00270030056902593	1.8331	0.1982722843133524	97	2.68	0.03	0.03	8.89	0.25	0.57	34.15	31.52	0.96	0.77	752	12.38	7.78	60.45	-0.09	-0.39	147.39	18.17	0.58	-0.35	0.09	0.58	0.14
194	fg3_m12	0	3.62	6	1	0.0	0.0	0.5725365222893953	-2.1115961537566657	3.5363499590668845	-0.0263416056577564	-0.009953771382558008	1.8625	0.12212371852888596	101	3.09	0.05	0.02	10.21	0.25	0.49	12.42	21.69	0.86	0.48	740	12.34	3.38	57.19	0.09	-0.51	146.63	14.35	0.41	-0.26	0.09	0.41	-1.25
195	fg3_m12	0	4.6	6	1	0.0	0.0	0.5763309827513667	-2.156921199525189	3.702220784467337	-0.039578044551477336	-0.010480526945295023	2.2379	0.09238400384776768	107	2.89	0.03	0.04	10.45	0.26	0.52	31.48	28.1	0.96	0.48	711	11.94	0.36	66.24	0.03	-0.28	149.77	16.73	0.49	0.57	0.03	0.49	-2.41
196	fg3_m12	0	5.18	6	1	0.0	0.0	0.6013730739809275	-2.3590091747236173	3.975665624937517	-0.06839972688820163	-0.016483715843499933	3.0165	0.0836999949380145	114	1.69	0.03	0.03	8.46	0.25	0.52	32.1	24.63	0.96	0.48	368	10.78	4.18	55.05	0.11	-0.23	160.68	18.33	0.51	-0.5	0.11	0.51	-0.08
197	fg3_m12	0	5.57	6	1	0.0	0.0	0.5988162869087483	-2.4038062729394305	4.081083421023931	-0.03328269796691468	-0.04741833465200025	3.1855	0.1184949469337486	119	3.59	0.04	0.03	11.98	0.26	0.51	31.88	29.49	1.09	0.48	368	10.54	4.08	59.7	0.17	-0.25	165.01	24.32	1.03	0.33	0.17	1.03	0.42
198	fg3_m12	0	6.06	6	1	0.0	0.0	0.603136122445755	-2.282168496254456	3.830550441245909	-0.05449019228309573	-0.004567311367838783	2.2998	0.10690599540078917	125	2.4	0.03	0.03	10.37	0.29	0.5	5.23	9.52	0.96	0.48	692	11.75	9.3	74.28	0.07	-0.46	149.79	18.94	1.13	1.02	0.07	1.13	0.63
199	fg3_m12	0	0.05	6	1	0.0	0.0	0.5864172846564979	-1.6052447331862516	3.32296655783588	0.0007428022204209286	0.06485151360147792	0.5519	0.06515438597155836	131	0.94	0.03	0.07	10.38	0.82	0.85	0.67	2.59	1.36	0.48	985	22.87	17.6	114.45	-0.04	-1.42	53.55	22.83	1.9	15.66	0.04	1.9	-0.32
200	fg3_m12	0	0.1	6	1	0.0	0.0	0.5881589461959157	-1.5494776634823622	3.3155373219950777	-0.004929632983124603	0.07002290583639363	0.5498	0.060179310504988384	138	0.2	0.04	0.08	11.27	0.82	0.84	4.5	9.44	1.09	0.48	970	22.09	13.24	119.23	-0.01	-1.42	54.52	18.59	-0.14	0.78	0.01	0.14	-0.7
201	fg3_m12	0	0.2	6	1	0.0	0.0	0.5791348958537217	-1.5579261906251352	3.2385833922304763	0.012794376281794112	0.06672781779324335	0.5142	0.06868386103622652	145	0.9	0.04	0.08	11.81	0.83	0.86	1.04	1.92	1.36	0.48	964	22.79	11.24	119.1	-0.06	-1.39	53.94	19.49	-0.35	0.94	0.06	0.35	1.55
203	fg3_m12	1	0.59	6	1	0.0	0.0	0.616556651110893	-1.8133621690734805	3.88279302994814	0.2848124833053782	0.05884696291888161	1.1043	0.768630228513103	164	12.67	0.04	0.07	13.24	0.75	0.88	4.13	12.92	1.92	0.48	1069	21.28	34.02	105.93	0.13	-1.04	74.59	30.68	0.24	-0.33	0.13	0.24	1.48
204	fg3_m12	1	0.78	6	1	0.0	0.0	0.6361997821029928	-2.081130051288542	3.4113996743725195	0.1535530300792712	0.023286337581574376	1.6051	0.2682411741866897	170	0.57	0.02	0.04	8.33	0.61	0.7	4.76	6.73	0.96	0.77	617	12.88	13.32	86.93	-0.1	-1.22	91.92	18.52	0.31	-0.36	0.1	0.31	-1.48
205	fg3_m12	1	1.17	6	1	0.0	0.0	0.5993615672475588	-2.073930533577013	4.048115184814387	0.036155787071323185	0.013292097677606116	1.8912	0.2225090286318244	182	4.33	0.03	0.05	11.41	0.65	0.75	7.31	12.96	0.68	0.48	786	15.55	6.07	97.77	0.07	-1.28	88.2	21.17	0.94	0.73	0.07	0.94	1.35
206	fg3_m12	1	1.37	6	1	0.0	0.0	0.6162261502483639	-2.0509633929818274	3.6149324861067593	0.06387616193469257	0.012980188324819768	1.5787	0.28987721201559874	189	1.29	0.03	0.05	9.88	0.67	0.74	3.33	4.52	0.68	0.48	803	16.42	15.21	98.13	-0.09	-1.27	88.8	18.22	0.92	0.58	0.09	0.92	-1.53
207	fg3_m12	1	1.56	6	1	0.0	0.0	0.5965256281139653	-2.142415896684334	3.8992145201199073	-0.00257970149701068	0.006715295509313617	1.7354	0.2675826283636263	196	0.58	0.02	0.04	10.36	0.69	0.76	2.96	4.3	0.61	0.48	791	16.41	49.23	96.79	0.04	-1.32	88.97	21.35	0.8	0.23	0.04	0.8	-1.14
